Latitude	Longitude	Geoidal_height
61.692925931	5.195794929	43.669850262
61.930856319	5.127647038	43.897826480
61.916942146	5.171721831	43.831095696
61.920768428	5.216993401	43.773088414
61.596128617	5.093323519	43.751147873
61.597625752	5.045869751	43.814990946
61.337195972	5.071943547	43.635817810
61.077953066	5.207169642	43.318282326
61.049334860	5.180107989	43.339249590
61.003204554	5.188743180	43.303999374
60.967089038	5.185372322	43.289958879
60.801637602	5.015410482	43.431023346
60.888049363	5.117953204	43.338989395
60.929409459	5.134074575	43.338604477
60.849954579	5.078716299	43.371653125
60.731992119	5.183754170	43.174937928
60.777632662	5.077527130	43.337305258
60.496568134	5.184308825	43.063024434
60.510413795	5.204524316	43.042820597
60.345081446	5.177885883	43.003418416
60.359380371	5.130321246	43.072003579
60.405518341	4.995676497	43.268855182
60.477084292	4.947201171	43.364996861
60.480515517	5.207892523	43.024711066
60.328449694	5.075285652	43.130350946
60.137828941	5.074722539	43.049511708
60.117275441	5.150975630	42.941729980
60.296562242	5.082968886	43.106336903
60.275638122	5.077759773	43.104045683
59.795830561	5.175552130	42.785440534
59.804297096	5.171361438	42.793935229
59.832031491	5.146440622	42.836324586
59.209656587	5.186045147	42.586360686
59.237701910	5.195414378	42.582067260
59.172836667	5.194684827	42.565667924
62.353062473	5.941486593	43.061704973
62.471797704	6.156327870	42.845475981
62.405906743	6.102211935	42.878000614
62.361404415	6.077199434	42.884568489
62.394852633	6.165545797	42.786154735
62.476389650	6.198535982	42.791551226
62.335004786	6.067990686	42.880943426
62.343044757	5.840101895	43.191581297
62.181810173	6.082978768	42.768610189
62.198648792	6.126864361	42.719686519
62.228348444	6.010203785	42.894273749
62.248664170	5.975082723	42.953634494
62.229505120	5.725006097	43.277407736
62.026815340	6.042305460	42.731248098
62.035201266	5.529632731	43.423235620
62.061272831	5.524299187	43.445747149
62.105443512	5.641060666	43.315786266
62.279758657	5.793669840	43.215625232
62.161826688	6.034806646	42.821408029
62.090510225	6.087815166	42.707732522
62.288189405	5.734885059	43.299423338
62.271702669	5.989997119	42.947471187
62.103593586	5.435689365	43.589112404
62.136188443	5.677296231	43.285560137
62.131229062	6.074788493	42.749438552
62.106539438	6.062909329	42.750724559
62.136183405	5.964754549	42.900208470
62.095378381	5.546079763	43.436821121
62.052900144	5.621701608	43.310587343
62.182544447	6.069294159	42.787442538
62.323400964	6.152728398	42.760029948
62.002784541	5.849283610	42.976233121
62.067739183	6.069736226	42.718546741
61.998614462	5.515088363	43.421137563
61.909794083	5.253240469	43.718433306
61.915885113	5.627283957	43.222728154
61.926442108	5.459367279	43.453295472
61.768331197	5.282544254	43.597536830
61.750306557	5.940484124	42.707491369
61.773260748	6.196189668	42.377033691
61.869329407	5.728781243	43.059808825
61.925505367	5.517307164	43.375366214
61.914298881	5.948789100	42.790938680
61.917235491	5.770830883	43.031327841
61.943049916	5.455864674	43.467671162
61.830701057	5.449035108	43.411482053
61.948332507	6.134278597	42.561540674
61.844167436	6.019249285	42.655646379
61.921302740	5.896933988	42.864614141
61.611829465	5.287899642	43.501279460
61.641184408	5.288461333	43.517124293
61.508457974	5.220382677	43.533146591
61.591019873	5.432754791	43.296541543
61.514586307	6.166103676	42.272253844
61.363869629	5.379283521	43.242078440
61.340438723	6.093340199	42.275362138
61.490820360	5.506775768	43.141903092
61.491186974	5.802561811	42.746849111
61.425534594	6.094499634	42.319685178
61.520034817	5.724274250	42.867550029
61.568537837	5.640485245	43.006588977
61.371610124	5.475397843	43.118286106
61.361892313	5.564138746	42.994694564
61.352969744	5.710242552	42.794835616
61.446160037	5.822398068	42.695558352
61.455411694	5.870345725	42.636438375
61.338984457	6.093472705	42.274406428
61.464332155	5.562358514	43.053097725
61.459619424	5.246880538	43.470793439
61.508011776	5.712019780	42.877277757
61.591052260	5.432719360	43.296606994
61.666992143	5.781711953	42.872990191
61.411133844	5.817149055	42.683458911
61.360219230	5.663779558	42.860811249
61.370308335	5.791323486	42.695843733
61.432290455	5.899154916	42.585217840
61.630245279	5.714915102	42.941670581
61.489434111	5.392111431	43.294005038
61.535405396	5.760407798	42.827739210
61.184457843	5.312284275	43.234792820
61.066237553	5.280882257	43.214490861
61.188692597	5.815699561	42.566573098
61.165512199	6.205133628	42.033565396
61.042845551	5.324322222	43.144783476
61.102181078	5.347810546	43.144389758
61.030103403	5.486795569	42.922566197
61.208834754	5.818434589	42.573484415
61.140816462	5.638876757	42.777428071
61.159869828	5.880277217	42.465286261
61.137075489	5.340105469	43.172870867
61.168169451	5.967111986	42.353544390
61.074632027	5.424810167	43.027833711
61.064963127	5.520951637	42.895077820
61.083656231	5.610073745	42.786151710
61.118512503	5.568248173	42.859873124
61.098760498	5.493938567	42.948469794
61.032927562	5.365290364	43.085330495
61.324536937	5.784691649	42.680039073
61.322386098	5.793069326	42.667686495
61.229739781	6.081283364	42.232883341
61.064215067	5.566622633	42.833956089
61.056546353	5.509800728	42.905568627
61.027540011	5.461423741	42.954954950
61.164648669	5.738231005	42.657401743
61.324556308	5.784661637	42.680089588
61.113300287	5.284105205	43.234737974
61.232424628	5.822178863	42.580904891
60.978336560	5.486806206	42.896177446
60.933920480	5.497229466	42.859938950
60.877690443	5.593381960	42.704308356
60.728419090	5.648010450	42.559435611
60.834501443	5.607889576	42.663823745
60.832454893	5.524191440	42.773830344
60.513348870	5.246594975	42.988868938
60.459256482	5.274780569	42.927198145
60.470683878	5.356780263	42.824555201
60.492723063	5.262427976	42.958618430
60.501073667	5.262553936	42.962264979
60.453680283	5.460433112	42.680531866
60.521538157	5.318704035	42.897769594
60.385954100	5.219373145	42.967109117
60.368618275	6.105473616	41.792660120
60.380009700	6.202433004	41.669140326
60.346439806	6.208694455	41.646963625
60.614176931	5.836730654	42.255981242
60.555814327	5.748454171	42.346316422
60.391786644	5.907770372	42.063680323
60.386475353	5.767537967	42.246467856
60.387366925	5.656690590	42.392951789
60.543140072	5.264338975	42.979249630
60.530356277	5.256638336	42.983481583
60.519924149	5.273430936	42.956595595
60.401078679	5.315501946	42.847686155
60.377153840	5.760382689	42.251906973
60.480696954	5.733489909	42.332483081
60.518529649	5.275438875	42.953314430
60.582195243	5.797863592	42.292884338
60.650128124	6.116959162	41.900420894
60.626041575	5.481545802	42.731416914
60.430442416	5.627046285	42.450776456
60.363398765	6.077952293	41.826864579
60.638795654	5.958686243	42.105496810
60.665310441	5.485314802	42.744872397
60.603369178	5.446296010	42.767389039
60.121463706	5.903944704	41.958746851
60.308312873	5.411882470	42.680763066
60.243888525	5.740079005	42.222781791
60.010051531	5.810914216	42.038288558
60.053559911	6.019182608	41.781743345
60.263613774	5.308519376	42.797140065
60.287943480	5.285498075	42.837677444
60.184427841	5.462923446	42.561942191
60.266159950	5.428686428	42.640798889
60.324650550	6.195137003	41.655960359
60.075579805	5.269526484	42.770392074
60.212176731	5.837593221	42.081718934
60.060103257	5.922241274	41.911305428
60.237128657	5.832522022	42.098478066
60.068170262	5.974261993	41.846136696
60.245113392	5.800112735	42.144355146
60.274683720	5.664976864	42.334217374
60.324192584	5.359124734	42.756796591
60.041636723	5.521552881	42.428357271
60.010802790	5.265133109	42.750451507
60.288741997	5.266541917	42.862840833
60.198343224	5.450503916	42.583920538
60.224787529	5.371514824	42.698301686
60.194114733	5.426037460	42.614202731
60.274418149	6.152396344	41.692058077
60.287565183	6.177710594	41.663930642
60.243888525	5.740079005	42.222781791
59.984952493	6.012704328	41.765015431
59.928781876	5.803597517	42.018024930
59.752720335	5.951227748	41.765182772
59.759317980	6.128737587	41.536363178
59.787780879	6.177851104	41.481547528
59.686461658	5.484596695	42.348032636
59.673837240	5.463938087	42.370499628
59.956813970	5.326580979	42.649682581
59.750679635	5.489357948	42.363665152
59.775872852	5.394870784	42.494725453
59.823636421	5.520275464	42.349092049
59.781618266	5.902298569	41.838344661
59.832746257	5.773608736	42.023131040
59.702641650	5.817150539	41.922962896
59.672885068	5.912905971	41.789316743
59.704821363	6.076964591	41.586415072
59.777410568	5.251862343	42.680207037
59.740632230	5.325210323	42.572445483
59.910553730	5.497653843	42.409916092
59.873121889	5.525550777	42.359974064
59.741000623	5.230616309	42.694715171
59.943270466	5.516783810	42.397161323
59.995938123	5.493469876	42.447406523
59.690241432	6.019066080	41.657044625
59.725034888	6.121059915	41.535445718
59.836545968	5.749968327	42.055205621
59.485245543	6.214236969	41.344489484
59.577761391	5.420502037	42.395141748
59.438284559	5.277450747	42.535270645
59.424973304	5.260777420	42.552567951
59.440731125	5.246399886	42.575714759
59.434151759	5.289016102	42.519233745
59.372347437	5.289839955	42.499877137
59.386565693	5.324909419	42.459252931
59.404906882	5.249569829	42.560872213
59.414709207	5.317963441	42.476410218
59.405167996	5.336192125	42.450290728
59.603678388	5.834807491	41.868920869
59.660911676	5.951725886	41.735242133
59.602088628	5.785826869	41.931734160
59.497872298	5.323852471	42.494118227
59.420744782	5.447729858	42.312187738
59.508588123	5.617471455	42.120359010
59.522108208	5.651751188	42.080308349
59.489778336	5.549105412	42.202599156
59.494464161	6.143397982	41.438482798
59.575273620	5.807343330	41.895752462
59.427304288	5.621636150	42.091237889
59.447096974	5.623335993	42.094738812
59.481404723	6.037832580	41.571121931
59.498483033	5.895848695	41.758981524
59.546674873	5.895130364	41.773877673
59.541469204	5.847375192	41.833976489
59.491971064	5.737642465	41.960851884
59.575358598	5.704321009	42.028739160
59.476205669	5.687279341	42.021037980
59.017502724	5.598702797	42.018072657
59.017706163	5.598690572	42.018131485
59.286224169	5.286159180	42.480124326
59.320968394	5.289867539	42.485113745
59.224753793	6.210593877	41.285244573
59.152456955	6.160585592	41.333550362
59.102506036	6.170079826	41.311224452
58.942408639	6.023214129	41.467353384
58.812026701	6.000278536	41.474827454
58.961851475	5.769003148	41.791831704
58.906713052	6.068186988	41.404456580
58.984504791	5.699541446	41.883948937
58.739041786	5.647376135	41.905238902
58.765016104	5.842532168	41.665415854
58.725639702	5.671879331	41.872584345
58.931257099	5.721813381	41.845426628
58.781848363	5.836303274	41.675797054
58.766586902	5.876983228	41.622537264
58.835963462	6.069431864	41.391576534
58.771454200	5.859163452	41.645578679
58.894916455	6.053494963	41.421025441
58.996709548	6.036248779	41.460715233
58.822124252	5.715867014	41.833217755
58.520199219	6.095928735	41.320547808
58.463818445	5.999257200	41.435376035
58.480133265	5.878560802	41.585805539
58.518444770	5.803398993	41.682433360
58.614585069	5.647708710	41.886684790
58.566996924	5.697540636	41.818874103
58.533949966	6.148394063	41.256692604
62.781929236	6.982240935	41.924620132
62.836655325	7.039679001	41.881500385
62.732383972	7.093880411	41.742549911
62.737904711	7.158507800	41.658586876
62.754874455	6.997870083	41.886493099
62.848013689	7.175937786	41.704499929
62.724772641	6.983624264	41.886853368
62.632036592	6.834602874	42.030286271
62.447378489	6.358281217	42.558857049
62.409163137	6.252658139	42.677703251
62.427314070	6.317706935	42.601226716
62.556805909	7.133292363	41.579473462
62.581857039	7.144470749	41.579914705
62.348383254	6.806638584	41.893318284
62.625033846	7.143785717	41.607763120
62.596931612	6.902400498	41.916831349
62.618720339	7.092747137	41.672915177
62.624235529	7.032130051	41.758383576
62.615099932	6.952967225	41.859764926
62.627372395	7.087138764	41.685904579
62.496019055	6.701810779	42.125427694
62.390780447	6.570382011	42.238334646
62.427858858	6.780437316	41.977313753
62.486891978	6.535044703	42.344867132
62.446860649	6.747217918	42.033864604
62.361447810	6.265998998	42.630715969
62.373561582	6.314693158	42.572525401
62.463029526	6.833280434	41.927477608
62.476354158	6.763459871	42.030045221
62.381388686	7.016726676	41.629168486
62.492148101	6.873393864	41.891173252
62.479020616	6.706939870	42.108038355
62.351123607	6.836275716	41.854906429
62.536432901	6.572047638	42.325459927
62.627997282	7.160733230	41.586667082
62.545355826	7.149146733	41.550888703
62.530498904	7.128149529	41.570110929
62.570881996	7.083196687	41.656052756
62.578304955	6.916496566	41.886203090
62.622418585	6.998638855	41.802556720
62.484722615	6.486599275	42.408853962
62.503128709	6.718881884	42.106753245
62.509111759	6.686003136	42.154839121
62.417584160	6.946311153	41.746666885
62.384045389	6.982011254	41.677798281
62.367266390	7.086428684	41.526121341
62.482396413	6.825331647	41.950144667
62.478702107	6.453834787	42.449319972
62.468110908	6.371897551	42.553211765
62.407383194	6.549275690	42.276952972
62.464035353	6.241006952	42.726881493
62.293774122	6.878867460	41.762424040
62.306461891	6.612816260	42.129761404
62.205808197	6.476737570	42.252714694
62.023754501	6.747347037	41.778919604
62.311230994	7.056389206	41.532662344
62.286221865	7.217647146	41.298892486
62.269728075	6.882036815	41.743572407
62.333667733	7.083919642	41.509017139
62.088510846	6.862877444	41.660911242
62.062768530	6.324357808	42.372926446
62.123294905	6.920739202	41.603268838
62.095954098	7.207116001	41.198945706
62.144982864	6.292048592	42.465290810
62.193251901	6.411725220	42.332866745
61.912053552	6.748685495	41.711799264
61.739823612	6.507575951	41.938516694
61.863754570	6.581151808	41.910181755
61.882052246	6.710117311	41.746549519
61.864075889	6.756864897	41.672980917
61.898177190	7.105899193	41.220247503
61.999395442	6.610724744	41.949230580
61.719241053	6.521296267	41.908344992
61.766669348	6.221425132	42.339313819
61.800848918	6.810887528	41.563647290
61.754282424	6.278728263	42.255121071
61.933146590	6.522468869	42.029641102
61.921209469	7.025157966	41.342979249
61.804171917	6.524285478	41.952669998
61.868013307	6.866210945	41.527372163
61.580522777	6.492720329	41.869192390
61.555553748	6.363881169	42.028900260
61.423851524	6.770796871	41.408812800
61.382801329	6.235037080	42.107942893
61.334671360	6.284861770	42.015277541
61.344985104	6.923804014	41.160483042
61.435931288	6.777670663	41.406023886
61.161526092	6.911055963	41.083055062
61.303607647	7.215064663	40.745601222
61.261161454	7.161641842	40.795870811
61.160279410	6.544946256	41.574926317
61.204159587	6.660272468	41.442350163
61.172487897	6.651763478	41.437580003
61.182876572	6.712960176	41.360567045
61.187911791	7.020702839	40.948656704
61.206098095	7.164027785	40.764560817
61.181995066	6.779527270	41.270535463
61.252695864	7.033893189	40.963936138
61.059342607	6.543995844	41.525274124
61.311988926	6.573384081	41.615363066
61.112747958	6.429292928	41.706030407
61.190532322	6.232647890	42.009622713
61.277522738	6.507166293	41.686341289
61.121894283	6.340029123	41.830399419
61.297491832	7.007281391	41.023000325
61.207105830	6.600626317	41.524089177
61.134240675	6.270254771	41.930234367
61.237905681	7.098337748	40.869398938
61.178760978	6.853143450	41.169778679
61.067283910	6.538684804	41.536365626
61.223407115	7.105610428	40.852182413
61.216727360	6.558837749	41.585239431
61.328982304	7.212713836	40.761953099
61.292271451	7.163831192	40.808944043
61.172073779	6.632271288	41.463578534
60.756707936	6.496444809	41.443555394
60.973555113	6.505992794	41.533873354
60.691649556	6.466981325	41.453125555
60.876049588	7.144223948	40.630827735
60.805658621	6.670694064	41.233216774
60.835151996	6.682553377	41.231088796
60.860453166	7.110138312	40.669386814
60.975440713	6.513695456	41.524472428
60.903271942	7.172530411	40.605467043
60.907076708	7.192203456	40.580796498
60.793115084	6.516096081	41.434177488
60.837728501	6.679683439	41.236138578
60.903167597	7.173007198	40.604777293
60.929276594	6.443263380	41.596339319
60.752604724	7.106612776	40.625011574
60.812116745	7.120654817	40.633062854
60.669607934	6.805631815	40.991007759
60.680462051	6.581844004	41.294788178
60.588119575	6.635302164	41.182631867
60.482692145	6.994687499	40.658839621
60.458126688	7.082605672	40.531602591
60.414595327	6.373013926	41.457533551
60.567456078	6.913675087	40.802343133
60.515569699	6.914661687	40.779167908
60.601461790	6.558732996	41.290533789
60.626188655	6.398884318	41.514459084
60.373443790	6.248445848	41.605504737
60.525547322	6.720610201	41.042054769
60.489702825	6.648906931	41.122408735
60.577539532	6.782407796	40.981851712
60.557295280	6.913616574	40.798108781
60.406393540	6.732283675	40.977094981
60.376458210	6.709039291	40.995900193
60.335495997	6.655474067	41.050654669
60.471018303	6.835254716	40.866515818
60.630055724	6.424795858	41.481667164
60.429579163	6.432564606	41.384770161
60.088478945	6.536457257	41.114392683
60.251421967	6.620221099	41.064519222
60.272550399	6.237535960	41.578885895
60.013187105	6.558553155	41.058599290
59.737819579	6.653007208	40.845928701
59.787750265	6.758006014	40.723560430
59.849534625	7.125337928	40.260313655
59.840585216	6.983842073	40.443462787
59.824001575	6.233419431	41.420849702
59.832714029	6.812159749	40.666303737
59.678867472	6.499284371	41.029087696
59.873077747	6.376406611	41.250081714
59.722557342	6.561589669	40.960743028
59.818890197	7.208074500	40.142605412
59.837395690	6.861613257	40.602884914
59.911390867	6.549802912	41.035533099
59.992966320	6.566447911	41.041216363
59.350448305	6.233463318	41.285127361
59.450892240	6.243346498	41.297785200
59.656196852	6.399902070	41.151821283
59.641719057	6.330339176	41.238026027
59.431636974	6.442165549	41.036206843
59.458627165	6.412415973	41.081453308
59.354298419	6.227193783	41.294128725
59.647911265	6.796840197	40.632557277
59.311059652	6.339939632	41.138918803
59.241508343	6.292835410	41.183649519
59.129915101	6.249766525	41.215190924
59.041606677	7.161717747	40.036011546
59.012302237	6.939738205	40.315257563
58.907665997	6.760457277	40.529033301
58.842140631	6.776790756	40.500386279
58.913582929	6.736801780	40.559794479
58.877372128	6.826120951	40.442072451
58.697853373	6.728543743	40.546709806
58.754704389	6.744361269	40.532043652
58.807304758	6.273086401	41.131284783
58.838255077	6.255020514	41.158333425
58.684824170	6.748036382	40.521145785
58.812644819	6.770486594	40.505068350
58.908698770	6.855760313	40.408308131
58.588225436	6.720997214	40.547985279
58.489503309	6.781924324	40.467110279
58.480163706	7.206636772	39.938361472
58.490483615	7.188420680	39.961163438
58.638688799	6.516489313	40.807293572
58.656654722	6.586549276	40.721187872
58.442364532	6.603236546	40.687074985
58.403658450	6.623779000	40.660353805
58.458889574	6.550327389	40.753326966
58.543342950	6.308093740	41.059191112
58.504600045	7.039761602	40.146666383
58.500527660	7.147927177	40.011777624
58.381838298	6.954592195	40.250781066
58.352557605	7.038353453	40.147283038
58.543612620	6.735436445	40.527402467
58.389442027	6.953471666	40.252192383
58.340922284	6.292853886	41.066354503
58.448006481	6.281057351	41.086080636
58.628791803	6.487895392	40.842179981
58.612832242	6.434264300	40.907780541
58.600371943	6.361346780	40.997650390
58.575739911	6.290517084	41.083725610
58.515706751	6.920479024	40.295616520
58.667389731	6.649463939	40.643301281
58.383910864	6.834474756	40.399406651
58.112758705	6.944761717	40.270423917
58.100966161	6.698645468	40.570807728
58.272458406	6.729438339	40.528726764
58.277741850	6.640471481	40.638001403
58.285849430	6.653618206	40.621849374
58.307315725	6.968937408	40.233556880
58.108907061	7.056425872	40.134475426
58.273372977	6.665565030	40.607187211
58.155572307	7.113490482	40.061771516
58.331407153	7.208183563	39.937719817
63.010692059	7.310452092	41.626116113
63.018746718	7.363905973	41.559007256
63.057599808	7.639069043	41.211703870
63.010784941	7.586343038	41.252966099
63.014632861	7.443146302	41.449214405
63.072430790	7.892056163	40.878653902
63.108827844	7.659560285	41.217009905
63.127138949	7.807412232	41.028739932
63.106341558	7.822234786	40.995196908
63.209402422	8.167788383	40.594260096
63.012586822	7.982738499	40.716987889
63.226324977	8.114175802	40.677949503
63.199905775	8.025357696	40.780960167
63.154215826	7.957231913	40.843449320
62.974232445	8.060786467	40.586306715
62.795733840	7.640935403	41.041527790
62.786705298	7.576785920	41.122793469
62.892696149	7.376588395	41.461399787
62.948116794	7.414799881	41.445018632
62.967204163	7.336202930	41.563529438
62.872048229	7.892260975	40.749236474
62.675229958	7.545866444	41.094259084
62.839703693	7.238791240	41.614222891
62.816618803	7.239069242	41.599233658
62.711113217	7.727044032	40.871016102
62.763575385	7.405048644	41.340935451
62.755581022	7.334116092	41.431980368
62.891893478	8.018430235	40.590714473
62.914414086	8.194344103	40.366352500
62.667317619	8.016987787	40.449412834
62.706410321	8.139161880	40.308097222
62.798057273	8.202438741	40.280538721
62.765582020	8.049661081	40.467412671
62.912659232	8.206748988	40.348372009
62.765415140	7.275219181	41.517947109
62.746676059	7.244634119	41.547537503
62.702482381	7.702904359	40.898329717
62.987108942	7.307373660	41.615215235
62.835887665	7.808383530	40.839931108
62.877640687	7.317916406	41.531229420
62.923025214	7.447524569	41.384707955
62.835690332	7.807591292	40.840880169
62.675203787	7.545767562	41.094376761
62.916417252	8.173298886	40.396226328
62.773276385	7.990581690	40.552587658
63.000372260	7.945093525	40.760144043
62.572711832	7.656881924	40.879232905
62.471759153	7.793608189	40.630585048
62.541944644	7.592516409	40.947434264
62.581096987	7.696516340	40.830647373
62.568406721	7.630234380	40.912730088
62.609432771	7.540810428	41.059796283
62.531730028	7.495995318	41.072108893
62.529995951	7.417516824	41.177527123
62.606367686	7.300915341	41.383244997
62.501530264	7.565305300	40.959244066
62.546597994	7.639866403	40.886034070
62.550921143	7.660098495	40.861252349
62.565306512	7.602795932	40.948051541
62.434264892	7.893461732	40.471600712
62.593351076	7.346297596	41.313594748
62.365357635	8.040468768	40.229157419
62.555341073	7.693331315	40.818870742
62.605921834	7.316317500	41.362089584
62.623308827	7.537393299	41.073130600
62.292346303	8.127950416	40.065456795
62.297295984	7.264005957	41.242737641
62.025784239	7.492494422	40.770156284
62.010356859	7.682192662	40.503358476
62.287686609	8.133199672	40.055475717
62.091429781	7.222251179	41.175732488
62.291421900	7.282589539	41.213959574
62.075759206	7.236127997	41.147621315
62.029999699	7.275518402	41.067170103
62.260362006	8.205651367	39.940246839
62.013756403	7.630258511	40.575933732
61.944683014	7.295516757	40.990118557
61.958917498	7.382367949	40.880548806
61.977100894	7.515682593	40.710144418
61.899996448	8.210114619	39.721267835
61.407123655	7.279206537	40.713058190
61.498002129	7.741326661	40.135368606
61.501126032	7.806639169	40.048445995
61.549704609	7.901172653	39.946216517
61.573710653	8.031704177	39.781936940
61.663453231	8.181592859	39.627165462
61.391728508	7.285929811	40.695835658
61.502446847	7.702396200	40.190542797
61.611688647	7.284413712	40.816473145
61.660673306	8.147193453	39.672393845
61.561294155	7.962143680	39.869690840
61.396489621	7.300613068	40.678483696
61.564755998	7.996307635	39.825170442
61.495217386	7.592250544	40.336012696
61.532382625	7.846818317	40.010670321
61.440956480	7.456513225	40.490996015
61.362583226	7.265644753	40.707953243
61.563303159	7.294199913	40.776690145
61.524599216	7.275460654	40.781022025
61.465588442	7.251202746	40.782066580
61.044421154	8.006460573	39.547662974
61.182251046	7.253859335	40.631294129
61.147124423	7.245022580	40.625639807
61.052272536	7.579555129	40.127823116
61.109748162	8.034105907	39.541415316
61.071398728	7.827090526	39.802790328
61.099868225	7.503753288	40.253176780
61.047745298	7.763375040	39.877537143
61.168607472	8.021105182	39.587539885
61.089759974	7.514930412	40.233164171
61.306088644	7.803861507	39.950340187
61.277618190	8.156891027	39.457698713
61.152591906	7.415590206	40.398152223
61.067859968	7.362635142	40.427980473
61.146529158	7.374301068	40.450885165
61.234996194	7.691920174	40.065844758
61.006076064	8.114269009	39.384096346
61.098520870	7.869057155	39.759116827
61.193295533	7.605604007	40.161689918
61.256108900	7.739617864	40.011943589
61.272572254	8.012310614	39.651030051
61.304443260	7.882953655	39.842378933
61.011067645	7.333314989	40.440090756
61.178189168	8.151275481	39.416072191
60.922841897	8.207897925	39.219655497
60.977205369	7.352923527	40.397534307
60.681804668	7.968750754	39.437060132
60.942014457	7.357370509	40.374944903
60.478760306	7.826534079	39.546007895
60.386368421	7.586967507	39.830715811
60.380299067	7.450518216	40.010418880
60.530677429	7.809287891	39.589441163
60.550469126	7.735727726	39.695854770
60.412259488	7.278602338	40.252008449
60.500740759	7.918467584	39.431506868
60.500154368	7.984838496	39.342424012
60.422093755	7.722184559	39.663746566
60.410134264	7.351989504	40.153309896
60.626850377	8.074866065	39.271945510
60.548421052	7.690597994	39.755470674
60.555602753	7.607123620	39.870148669
60.602908234	7.499325645	40.033963009
59.731780183	7.640736799	39.550788058
59.782856875	7.308786071	40.000122398
59.738918478	7.449858146	39.803065010
59.711558109	7.766189670	39.381098060
59.689196143	8.096741599	38.942084702
59.738437212	7.570389520	39.644815485
59.696090456	8.053836926	38.999971917
59.742873335	8.148283047	38.886945643
59.668635045	7.811059743	39.311888471
59.550959170	7.365987359	39.866044117
59.622639777	7.447159063	39.777089542
59.609626025	8.020131875	39.024768953
59.613318161	7.890279342	39.195482353
59.524785746	7.370928043	39.853619638
59.346338273	7.277630339	39.937240562
59.582328586	7.393728184	39.837208909
59.355495510	7.366613978	39.823851647
59.469807985	7.414640756	39.784674038
59.498814752	8.200651610	38.766754109
59.443757231	7.994250271	39.025585315
59.447293851	7.413368572	39.781583693
59.567557690	7.993285019	39.050963159
59.356072601	7.755971915	39.319520090
59.348887249	8.137009758	38.824149259
59.342521353	7.516005465	39.628016058
59.343549253	7.594483799	39.526575113
59.522711509	7.986694172	39.050447850
59.449560096	7.955289480	39.077350173
59.425954714	7.993163392	39.023800680
59.388172084	7.914549737	39.119330696
59.367589127	7.875587902	39.166365231
59.344754371	7.706933572	39.381114039
59.376554891	8.034168700	38.962045275
59.367929175	8.118354023	38.851347884
59.536442610	8.070083224	38.944334601
59.039020684	7.555911850	39.531567964
59.059907236	7.373893731	39.767078861
59.299212618	7.487098568	39.657699481
59.093996827	7.536366311	39.563265390
59.095673766	7.526388142	39.576278499
59.168280724	8.083000293	38.869515694
59.273363112	8.083637375	38.882177202
59.268375751	7.471078288	39.673111377
59.227548710	7.551856730	39.562272073
59.130725283	7.513134680	39.597938641
59.162477211	7.534168729	39.575340709
59.195679634	8.071765085	38.887284810
59.227611056	7.551775562	39.562386444
59.094026788	7.536397974	39.563228601
59.067028225	7.570231851	39.516511803
59.312531971	8.134569170	38.821846850
59.141247294	8.092531254	38.854180632
59.212123116	8.088986522	38.867113806
58.791210616	7.817655438	39.178441845
58.744745569	7.842175540	39.145635017
58.821901239	7.792367419	39.211996394
58.785625215	8.216322409	38.672687431
58.913702662	7.716363801	39.314623607
58.893076363	7.710216851	39.320891296
58.849956790	7.749133508	39.268495447
58.731088622	7.813939605	39.180918726
58.801852346	8.175385576	38.725016145
58.493151461	7.469754185	39.610318652
58.409639720	7.769828984	39.238380480
58.471120256	7.227303679	39.912560432
58.486476767	7.330838218	39.783614350
58.573834549	7.788439394	39.211093595
58.646418364	7.816112346	39.176476088
58.421649084	8.095092003	38.832638717
58.450646465	8.112056113	38.809784682
58.455886774	7.798472891	39.200888634
58.385873452	7.899028190	39.078872958
58.584878912	8.145721073	38.762268411
58.522973650	7.360511197	39.746783705
58.616713047	7.421363404	39.672244358
58.609628226	7.410922405	39.685163043
58.376237030	7.220662607	39.921332226
58.616634055	7.406836613	39.690477728
58.510037248	7.553107275	39.506134228
58.434771825	7.234707224	39.903320986
58.411581948	8.084094129	38.846971319
58.558540231	7.770392688	39.233830632
58.006487266	7.554790028	39.537419065
58.146492263	7.882505043	39.120005428
58.333811407	7.900399878	39.080507055
58.028416246	7.452555871	39.659129630
58.275046857	7.962467493	39.008334231
58.092206896	7.800277384	39.227257281
58.021126895	7.421873584	39.697289154
58.030940707	7.466760722	39.641552305
58.035352691	7.460602740	39.648544635
58.026120109	7.460009995	39.650323440
58.316709103	7.368877233	39.739570851
58.266841822	8.176665798	38.744221424
58.230949959	7.936372043	39.044692254
58.278170649	7.394609410	39.709538327
58.174413000	7.548677659	39.527005655
58.286084271	8.185784611	38.730953068
58.272497458	7.960019987	39.011588094
58.199545752	8.071041079	38.882025540
58.158660948	7.836117864	39.175593163
58.204335365	7.616819178	39.440737968
58.009393565	7.560410077	39.530215547
58.142556908	7.980329728	39.000380817
58.141379413	7.908193398	39.089073195
58.169498025	8.041580230	38.921831100
58.232475302	8.023848179	38.936613729
58.249560498	8.149982422	38.779050253
58.191202065	7.927787444	39.059358836
63.687210586	8.767414651	40.100265806
63.703624612	8.821479606	40.038340704
63.868388723	8.664561204	40.360104836
63.736154583	8.833031095	40.044604781
63.746188794	8.837913047	40.044762015
63.776992579	8.792988118	40.125993676
63.795253009	8.686611178	40.281540995
63.704552582	8.797914284	40.070751293
63.687596850	8.774366398	40.091145852
63.711387633	8.833193155	40.027752892
63.425588404	9.099440383	39.475746857
63.506039660	9.209941042	39.380458578
63.561584689	9.045330148	39.640500999
63.601630879	8.868521571	39.906349935
63.638781415	8.780783372	40.049759197
63.381873358	9.001209868	39.579405423
63.438936974	9.089758476	39.497827876
63.627388907	8.852901955	39.944742598
63.557642467	8.479624200	40.402267994
63.496968894	8.328473022	40.566212020
63.588064272	8.975912856	39.752145718
63.356441633	8.887135472	39.716896388
63.499295111	9.160736365	39.442453838
63.521276255	8.379621098	40.513209353
63.610517496	8.972726201	39.771567956
63.543623479	8.447409971	40.436465180
63.557616244	8.716035076	40.082870869
63.552782070	8.590425262	40.249360960
63.281610799	9.041193183	39.458157744
63.319118526	9.014926930	39.518820865
63.241612726	9.037121188	39.436991627
63.193960871	8.845714436	39.664933783
63.185067775	8.733969644	39.810639169
63.197278299	8.924098242	39.560799220
63.279814348	9.073137530	39.413654539
63.209007997	8.995412654	39.471852123
63.211408450	9.095941514	39.337089048
63.279452291	8.531048776	40.148170971
63.314562886	8.604819831	40.071468439
63.327132627	8.699778965	39.951170881
63.243461466	8.284885173	40.457967996
63.258276553	8.392335616	40.322142943
63.251198702	8.486353547	40.190076513
63.173886007	8.651354794	39.915328633
63.228608217	8.229020311	40.523896394
62.868079587	8.581041880	39.810920388
62.873560239	8.615196249	39.768031667
62.857766136	8.430430750	40.009009371
62.717395906	8.419728262	39.933512855
62.970748885	8.732331846	39.672005969
62.715442112	8.494536751	39.830492897
62.994530750	8.964928981	39.371516826
62.855252315	8.282746988	40.208116218
62.549955667	9.098805433	38.902956085
62.657998458	8.664957413	39.561987017
62.232234361	8.346697011	39.731167258
62.019885825	9.194270827	38.450793272
62.196316331	8.517369036	39.477077220
62.133296441	8.729989166	39.149780977
62.073530373	9.108268181	38.599263951
62.168180560	8.647702208	39.282678548
62.118635520	8.861859566	38.961458815
62.096691507	9.026842125	38.723785912
61.890707287	8.253156739	39.657368530
61.838541022	8.567431243	39.199956960
61.845755483	8.868168648	38.794749985
61.756762582	8.397639971	39.385033718
61.810321873	9.011034252	38.580433805
61.791988829	9.039888796	38.530939659
61.722307186	9.051766605	38.476229520
61.852084531	8.988286931	38.634868452
61.849438469	8.573572783	39.197770405
61.756648155	9.074247490	38.464584564
61.616975564	8.968863594	38.531738013
61.370043692	8.814647075	38.612401990
61.517580482	8.861496548	38.624842889
61.488300577	8.840838042	38.637580535
61.526596327	8.879027784	38.605769440
61.574448043	8.922596919	38.571887992
61.594259791	8.937036454	38.562825952
61.033298764	9.053039665	38.128265606
61.231221372	8.238419928	39.324142101
61.071753848	8.991171654	38.229368098
61.178451802	8.387975653	39.095789986
61.194890147	8.231072146	39.316219963
61.142740643	8.524564843	38.893727470
61.230697338	8.235977416	39.327191209
61.278873668	8.830586387	38.545289314
61.131975510	9.084543381	38.130986566
61.250255176	8.888798858	38.452390129
61.206056955	8.954692111	38.341767913
61.159895879	9.002706985	38.254800309
61.110469539	8.924217245	38.337794931
61.136476174	8.825465572	38.483572081
61.326703934	8.804052599	38.604986011
60.857252599	9.185994152	37.872184072
60.702540845	8.956057403	38.118372814
60.688501769	8.900132864	38.187967568
60.667796241	8.788000156	38.330458798
60.813445065	9.120041095	37.942752060
60.704740032	8.940685556	38.139912999
60.668100749	8.788151038	38.330376536
60.777995022	8.758950007	38.414219013
60.869677689	8.528110869	38.764233093
60.673977351	9.031255357	38.006051621
60.893781248	8.324865813	39.048898592
60.731713594	8.983234789	38.093501778
60.789239141	9.060544494	38.012869282
60.975351009	9.182652902	37.927445168
60.999423339	9.100617432	38.048824229
60.862691910	8.565650605	38.710586336
60.401731772	8.440755981	38.695799479
60.455971696	8.372001039	38.807449113
60.556454567	9.126905067	37.833136134
60.650276577	8.602364181	38.572932299
60.576229766	8.364509188	38.863114791
60.337758517	8.495021370	38.600890495
60.383259656	8.486920143	38.627542918
60.628179274	8.552978240	38.630521779
60.568082538	9.153597248	37.801635020
60.609611603	8.325964721	38.927970213
60.647767668	9.053131531	37.966490277
60.596753753	9.089085059	37.898816041
60.045198999	9.040618274	37.785199563
60.257892850	8.911352121	38.019210621
60.126713566	9.047887688	37.798126500
60.143552648	9.024113033	37.834548680
60.041385909	9.155617078	37.631773473
60.267102969	8.939424636	37.984714323
60.087011025	9.097298374	37.721405398
60.069141951	8.379188990	38.669152211
60.046250636	8.983505419	37.861190650
60.070333690	8.824915094	38.078150031
59.995602745	8.828518870	38.052954556
59.743180045	8.238390527	38.768580383
59.884799573	8.681257106	38.219244838
59.847413336	9.018580733	37.765284391
59.803518111	8.265968465	38.746805416
59.865732928	8.473223149	38.489071275
59.726664100	9.162505109	37.550345188
59.754133047	8.784535444	38.052862306
59.815617802	8.309700145	38.692187555
59.693778863	9.019738032	37.731450353
59.702417838	8.858246044	37.945194157
59.696502236	9.103141312	37.622487701
59.669269343	9.171991150	37.527078609
59.879227538	8.607286859	38.315513146
59.847242989	8.424900088	38.548188946
59.995700665	8.745905335	38.162373338
59.973067444	8.793949053	38.092773132
59.879126959	8.556699252	38.382265650
59.434015288	8.481123002	38.390182188
59.433639864	8.737988843	38.055688367
59.611874670	8.928297526	37.836114734
59.382504977	9.037003233	37.659872936
59.395918865	9.148147023	37.517010993
59.618310299	8.793493524	38.013842949
59.337476320	9.092229080	37.583000346
59.408335274	8.926838599	37.806385162
59.603627813	9.042833562	37.684704611
59.490296482	8.301040534	38.634283248
59.340993790	8.506180139	38.343973691
59.291178375	9.109590228	37.555769707
59.114063846	8.882439420	37.834918046
59.034386747	9.189713326	37.436316325
59.165806441	8.498730207	38.333371457
59.202431936	8.504129372	38.330050663
59.022123235	8.517732578	38.297731439
59.282429227	8.526326214	38.310341284
59.098858858	9.054388847	37.612784567
59.217028350	8.768420151	37.990126189
59.060650024	9.076161620	37.583013436
59.244674732	8.514220384	38.321587671
59.009486928	8.272108550	38.611694705
59.089565822	8.241425434	38.657500235
58.690938616	9.088287386	37.569491190
58.753167269	9.113048618	37.535312034
58.727590730	9.048528567	37.618103383
58.682783239	9.209696775	37.416426835
58.753007107	9.182126698	37.447710485
58.757433384	9.070162004	37.589553328
58.743369413	8.442717819	38.385296822
58.687014914	9.006634264	37.672953819
58.813346576	9.078338498	37.577625615
58.870007533	9.021450264	37.649369050
58.973282769	8.519304065	38.293051968
58.767066252	8.477486085	38.341199626
58.980406889	9.196916417	37.425879973
58.747064169	8.473616827	38.346133846
58.725129976	9.045132781	37.622506354
58.794309374	9.028686011	37.641149300
58.693305406	8.730408127	38.022011648
58.784527250	8.935619959	37.759573547
58.719068417	8.771234386	37.969587236
58.735746000	8.517173310	38.291024211
58.763156575	8.480531220	38.337336432
58.695164498	8.362724334	38.486840912
58.857925920	8.574772314	38.218401676
58.768073741	8.243258163	38.638224167
58.714411424	8.298322978	38.568155845
58.943858459	9.135570463	37.503913114
58.981049114	8.326525878	38.540161567
58.462375207	8.688878925	38.088055608
58.476877826	8.758999277	37.999026523
58.388659727	8.685839090	38.099028418
58.472826960	8.820212016	37.922765794
58.481483539	8.737635780	38.025372336
58.461432704	8.729987894	38.036716336
58.425139898	8.727168355	38.043699793
58.471888368	8.620722835	38.172520783
58.509397529	8.650035641	38.132899606
58.619185645	8.389047133	38.455170573
58.489055901	8.759850395	37.996901304
58.346529881	8.581576675	38.233411888
58.522435535	8.228534284	38.660491746
58.528635722	8.655124279	38.125145256
58.600176290	8.413757282	38.424696515
58.606007329	8.877275568	37.840740206
58.626972962	8.524730117	38.283949896
58.660830188	8.617957704	38.165161284
58.289944092	8.439064382	38.416765987
58.307019316	8.256465526	38.641270173
58.321905903	8.233246747	38.668614690
58.300113415	8.507997889	38.330107653
58.250850473	8.382966020	38.490892245
58.243425642	8.380312871	38.495090457
58.321746796	8.249746312	38.648157945
63.713030197	10.003385851	38.450673425
63.340642521	9.534453208	38.829471458
63.435879087	9.919459662	38.373329482
63.567857108	9.790842426	38.637433426
63.641465073	9.740170031	38.756304547
63.645745693	9.753016569	38.741907362
63.657715566	9.806222651	38.678347775
63.506350697	9.701765260	38.715696079
63.490516658	9.540782413	38.922526728
63.402140342	9.507679662	38.907325440
63.459826722	9.922097029	38.386144993
63.367226986	9.919892932	38.325889065
63.648915689	9.834811207	38.633735030
63.346441978	9.957376047	38.261037961
63.430128758	10.150704996	38.056979391
63.396988165	9.487449487	38.931217928
63.497047640	9.842520900	38.519137113
63.541407649	9.827456029	38.569864597
63.588625142	9.760258007	38.692961049
63.482935576	9.867976437	38.475086467
63.098353718	9.452949353	38.777408362
63.094280954	9.282833021	39.005589223
63.318041967	10.192687392	37.923542916
63.086114310	9.602491542	38.566352994
63.244093079	9.577217356	38.706427671
63.330457088	9.844635533	38.402681832
63.317888184	9.879827687	38.346525928
63.319589782	10.150094729	37.982165187
63.118265392	9.617482505	38.567467775
63.262156831	9.762457440	38.467659918
63.053314701	9.703757524	38.407130941
63.229802972	9.390025004	38.950565463
63.319439400	10.148834065	37.983766614
63.224405541	9.298408689	39.071174467
63.234355059	9.461157298	38.857186051
63.239659756	9.620216253	38.645176429
63.167483717	9.745182421	38.427292507
63.313818296	9.555424481	38.782951216
63.098328289	9.695990288	38.447676289
63.229838879	9.383524931	38.959402292
62.749038330	9.985063321	37.825280230
62.926956337	9.759929650	38.247208775
62.834227749	9.987003995	37.878153347
62.703148360	10.129661782	37.599400100
62.618774240	9.548608706	38.334509763
62.582542031	9.346382626	38.586579740
62.600229644	9.682620709	38.140500462
62.584723118	9.672419833	38.144514199
62.633656501	9.792158285	38.012947666
62.620364447	9.762059314	38.045359260
62.609239507	9.608757496	38.246650375
62.642363687	10.201367347	37.463044124
62.413697078	9.635983056	38.086706220
62.610086774	9.702538761	38.119700007
62.201073733	9.543265044	38.083027442
62.137647514	9.318988871	38.350322028
62.220513470	9.578906600	38.046232127
62.333690253	9.620927939	38.057842088
62.277332661	9.587139674	38.069401698
62.093918526	9.222967778	38.455128443
62.227094329	9.535580042	38.109132414
62.143359712	9.917520450	37.539867642
61.679956408	9.550067826	37.776110778
61.803998709	9.301799107	38.181453124
61.936102159	9.317504468	38.234724788
61.802237536	9.554006937	37.837705221
61.839330029	9.476800842	37.963302804
61.766106324	10.199789184	36.941840566
61.922775116	9.327141946	38.213995399
61.877680842	9.419009067	38.063445327
61.849845351	9.426579674	38.037466342
61.762954697	9.534707050	37.842206542
61.849843779	9.426924258	38.036997031
61.680165156	10.121462609	37.001472441
61.820696426	9.511310685	37.905987858
61.722337972	10.172499221	36.955031119
61.536571895	10.100518725	36.954505600
61.649491615	10.109607990	37.001188857
61.524444522	9.397238259	37.901125475
61.561851305	10.070347909	37.008374156
61.452187693	10.187590296	36.793979917
61.421275433	10.193008196	36.771263898
61.553251667	9.986793137	37.117006338
61.618365959	9.724232654	37.506865789
61.468838117	9.460673611	37.786404012
61.575283081	9.588000228	37.668908254
61.572285216	9.518668141	37.761386014
61.545005304	9.454237583	37.834508986
61.208168004	10.142615016	36.737171142
61.044846677	9.567646166	37.438674542
61.190252547	10.066929910	36.830949689
61.008822862	9.292464467	37.794026245
61.087022314	9.632598938	37.369893886
61.280707004	9.997532001	36.966942471
61.177241440	10.020301565	36.887846731
61.287675164	9.965420749	37.013628703
61.056560333	9.617577281	37.376523138
61.023993728	9.515102271	37.500322048
60.812694397	9.756497973	37.086331363
60.800150665	10.185354476	36.505846651
60.988335036	9.273963089	37.809944800
60.823509785	9.540786119	37.380670774
60.815548796	9.756844700	37.087007771
60.916954608	9.420610860	37.581315255
60.820404570	10.079719003	36.655431027
60.910662601	10.059078503	36.719531256
60.830520108	9.955633835	36.825983968
60.800150549	10.185353351	36.505848114
60.697639813	9.724469813	37.084495748
60.967853820	10.101621152	36.686172597
60.839948554	10.051230074	36.701413180
60.971255686	9.290910363	37.779589667
60.895827720	9.469336479	37.506741429
60.720625718	9.713769856	37.107620606
60.634507420	9.887875394	36.842080089
60.568265814	9.979219545	36.696315887
60.372513555	9.633052225	37.093309395
60.432546240	9.455871579	37.349397577
60.415336351	10.087398058	36.501286541
60.448319180	9.286344609	37.581313635
60.428853597	9.474667335	37.323054698
60.360809808	10.087206513	36.484709980
60.484108726	9.229765852	37.669400985
60.465254279	9.259855130	37.622571539
60.166795707	9.728303666	36.905852982
60.200951269	9.792347163	36.830231644
60.181620624	10.205281117	36.277410870
60.206632007	10.086392735	36.441610320
60.251011631	9.896798402	36.705586047
60.235774147	9.889278697	36.711253916
60.035508081	9.580261158	37.067872231
60.133081104	9.772563575	36.838116902
60.045650967	9.632044264	37.001856771
60.290064051	9.681313388	37.003553364
60.224432605	9.623608093	37.061038115
60.044920051	10.058541152	36.437635523
60.177854363	10.179694177	36.310318618
60.052314802	9.680909730	36.938836446
60.213760180	9.373953206	37.389897514
60.329314969	9.652639674	37.053670217
60.122570894	9.446884323	37.267269636
59.740093030	9.595421204	36.984258268
59.907774154	9.525925553	37.109607397
59.839898747	9.576554736	37.028369516
59.702936700	9.804782654	36.703164731
59.886356385	9.922597419	36.582185567
59.929589348	9.950552363	36.554346748
59.952023405	9.994491676	36.501225630
59.902555591	9.883501065	36.637018247
59.969308408	9.973429695	36.532779661
59.905938981	9.906744436	36.607099891
59.951447364	9.969810798	36.533646542
59.749787280	9.878905835	36.613884298
59.719724416	9.847406708	36.650078459
59.752074752	9.995184252	36.461740432
59.932808508	9.831884682	36.711498871
59.899079177	9.373019851	37.309420491
59.847666760	9.495920203	37.136181660
59.712686187	9.614556313	36.954264068
59.908303091	9.526199102	37.109364036
59.764844416	9.966857154	36.501092019
59.750786703	10.012104948	36.439331732
59.972746472	10.005571354	36.491134724
59.869274274	9.402290949	37.264198558
59.949519230	9.339151995	37.365837753
59.982939055	9.307700098	37.415512118
59.749822643	9.878932798	36.613855048
59.509414329	9.881950194	36.575156199
59.517819456	10.099592543	36.292653865
59.577670713	10.194664657	36.175625532
59.553920082	10.103084240	36.292188684
59.403731662	10.135479214	36.235323091
59.421762961	10.118667371	36.258602236
59.465075609	10.089563052	36.300302213
59.493925552	10.021253593	36.392060498
59.625645429	9.468849514	37.130654149
59.387042039	9.246320359	37.388371320
59.665186865	9.653696029	36.894964652
59.629802611	9.557622937	37.015113761
59.603210213	9.792533566	36.703896050
59.363374098	10.137961065	36.229138996
59.622807527	9.698912564	36.829163846
59.535786452	10.080076180	36.320071234
59.556664211	9.272764545	37.376365580
59.412493879	9.322950342	37.291656019
59.047671136	10.015509592	36.377326624
59.109092014	9.917350431	36.503452732
59.021698342	9.970645843	36.435066702
59.046967098	10.123055066	36.239522821
59.097956249	10.207284082	36.131098618
59.221544478	9.632298409	36.874447814
59.136520897	9.660520617	36.834366707
59.145376759	9.737929977	36.735002655
59.173546431	9.643276989	36.857953088
59.201535368	9.624349645	36.883655945
59.175869621	9.764401535	36.701943249
59.117704237	9.720386560	36.756812911
59.074905010	9.686991880	36.798882776
59.212699218	9.570432797	36.953831230
59.154696713	9.637796869	36.864259808
59.092137043	9.645422656	36.852595757
59.094017712	9.714236690	36.764208412
59.062853406	9.752627312	36.714482699
59.105918799	9.749383542	36.719269063
59.268724798	9.554926129	36.977392018
59.288082697	9.892042762	36.542612286
59.250523012	10.167686929	36.184696076
59.266565741	10.165619701	36.188009587
59.279333823	9.736304702	36.743492127
59.199936025	9.584727083	36.934698827
59.312472788	9.420580070	37.154772541
59.114692805	9.428536517	37.132144834
59.130281109	9.520088415	37.014908706
59.290505327	9.794645646	36.668745949
58.865455146	9.419158660	37.142601582
58.999626735	10.028930606	36.360836906
58.895128659	9.289368397	37.307535731
58.968237242	9.557991025	36.963738214
58.980779306	9.247072096	37.361672580
58.725421125	9.233764053	37.383552783
58.963583478	9.475947479	37.068702250
64.502215373	10.898256803	37.805830277
64.450072650	11.180867238	37.393846248
64.498011925	10.893795979	37.808789327
64.372627427	11.193061938	37.322491677
64.254524098	10.632065008	37.985652796
64.281550685	10.575460735	38.080176276
64.105840347	10.534347852	38.011665375
64.298162308	10.491174475	38.204288043
64.275385486	10.581063507	38.068371280
64.299583581	10.511640361	38.177975723
64.096697166	10.523933603	38.019175432
64.229186312	10.877126349	37.640901877
64.241550224	11.066767364	37.397029361
64.258747325	11.198087484	37.234552402
64.049275442	10.443982556	38.092928145
64.239325341	10.676473181	37.915693909
64.256311341	10.625778469	37.995298846
63.856326988	10.227660224	38.248314227
63.968222024	10.222014824	38.333864989
63.778969656	10.217782912	38.207756123
63.337210601	11.092479407	36.724005636
63.435716007	10.392002211	37.735164416
63.430926744	10.515783049	37.564961026
63.414446727	10.451936523	37.639672280
63.447208323	10.426640491	37.696378356
63.403964622	10.450354757	37.634583339
63.444810315	10.921981352	37.027801783
63.423865172	10.930852183	37.001317429
63.437893695	10.672188628	37.359064631
63.434544407	10.824957504	37.151134269
63.414054679	10.799899478	37.170637467
63.439676925	10.623783959	37.425487521
63.394371131	11.070833847	36.792730179
63.509489876	10.846575533	37.174202513
63.445764440	10.918412534	37.033262469
63.324546270	10.306752599	37.773882922
63.037641525	10.282921401	37.611835537
63.183619398	11.189847210	36.487406746
63.218376966	10.306131154	37.702345948
63.321823994	10.264908850	37.828542419
63.298458504	10.491754050	37.506262778
63.314939507	10.433294131	37.596450390
63.066539882	10.291683677	37.619347667
63.226234388	11.039648877	36.718525439
63.207771111	11.095798214	36.630358429
63.284548807	11.079576934	36.704954313
62.950978512	10.775681466	36.887883951
62.962875938	10.835806286	36.814700432
62.859042792	11.211865649	36.239012122
62.942469934	10.664721998	37.032032825
62.957575185	10.997217044	36.593557723
62.824654430	10.553848700	37.103976240
62.980103183	10.557937947	37.201408348
62.943787625	10.495126330	37.262127676
62.844411581	10.541010884	37.134327963
62.957417127	10.587368635	37.146501051
62.938878846	11.091781933	36.453708341
62.522274544	10.375031772	37.151245208
62.430651053	11.092698172	36.123952111
62.446870038	10.398185431	37.072558981
62.478324841	10.389477366	37.104029774
62.365859647	10.559948799	36.803301446
62.494689009	10.381821240	37.124674533
62.399876254	10.424876649	37.007187733
62.447496000	11.125044503	36.090872449
62.192304046	10.450558053	36.846095227
62.265347002	10.703826571	36.547352332
62.163170359	10.617901047	36.602303650
62.326964780	10.712760779	36.572753294
62.020569713	10.821030332	36.244535563
62.210402963	10.375896883	36.958045918
62.186719586	10.258685454	37.102726115
62.046266674	10.732517315	36.378865233
62.131872481	10.570943367	36.647296034
62.219480651	10.653751104	36.587422755
61.758757606	10.709056564	36.249489079
61.787808773	10.844422153	36.082705966
61.768405363	10.360902680	36.725051956
61.789499684	10.455811651	36.608221534
61.704261351	10.897837900	35.965845603
61.893257185	10.885886284	36.084906728
61.724406671	10.829437279	36.068713948
61.998324684	10.884782685	36.145766220
61.794478204	10.595319367	36.422432806
61.838242712	10.880452343	36.061737657
61.653082592	11.190316114	35.545714407
61.568107190	11.046077638	35.695652353
61.398342135	11.145165481	35.478722717
61.477385719	11.041684178	35.656035343
61.579840831	11.198442992	35.497090229
61.006557447	10.480379654	36.193766890
61.039186952	10.438849182	36.263364782
61.302849724	10.263111866	36.619115216
61.159061196	10.390458482	36.381021548
61.028221169	10.577828194	36.072193930
61.190823807	10.414351474	36.363248420
61.140082853	10.439173905	36.307010443
60.783849722	10.654152283	35.872313774
60.783481428	10.699358618	35.811803916
60.728833738	10.821427862	35.628857005
60.869246909	10.698180432	35.846231050
60.883161024	10.684752828	35.869652690
60.949565997	10.642389755	35.952978401
60.788328060	11.075113355	35.312652308
60.681483500	11.214721811	35.089120539
60.920294459	10.697764496	35.867018162
60.697031891	10.357681128	36.236325750
60.760005583	10.248313597	36.406083735
60.680110758	10.370268451	36.213359984
60.826167086	11.215230860	35.140236334
60.964533258	10.660048085	35.935453239
60.715966914	11.208910055	35.108788899
60.420923238	10.498607811	35.955938549
60.558719799	11.182309759	35.091542485
60.414199901	11.190134808	35.037589396
60.591281103	11.139857416	35.158277099
60.454115125	11.189651829	35.049806663
60.636902944	10.598370699	35.893613483
60.465767881	10.502105578	35.965166802
60.584853161	10.565811572	35.919178139
60.624632482	10.490451016	36.033256401
60.201176364	10.364885200	36.071167773
60.129623647	10.796172856	35.483879498
60.087935164	10.863486988	35.385828451
60.022429836	11.067357443	35.104290334
60.114949200	10.296985861	36.139264255
60.122290917	10.274330665	36.171008255
60.063148927	10.301995037	36.120353993
60.093290034	10.836385117	35.422679698
60.087376164	10.876637025	35.368402911
60.010930564	10.946009838	35.261240208
60.124063992	10.828600422	35.439873326
60.056707815	10.862609842	35.380232151
60.001993203	10.922652271	35.290128119
60.107863585	10.848120616	35.410486281
60.045107796	10.880382128	35.354421577
60.096125416	10.891815854	35.350356638
60.056812409	10.879625326	35.357881473
60.032565252	10.891575652	35.337108419
60.116477318	10.858621554	35.398604636
60.277328561	10.647906470	35.716706874
60.052546697	10.278163954	36.149367850
60.104637421	10.289634097	36.146482999
60.143537580	10.249050642	36.209720455
60.020832570	10.261688960	36.163928712
60.057428658	11.118840558	35.043798408
60.141248982	11.176967313	34.985415666
60.050898406	11.135705385	35.020340061
60.295096353	11.170679870	35.030812892
60.046061707	11.057414441	35.122088495
60.171780133	11.030256084	35.185369233
60.254105284	11.099755374	35.113833587
60.080071833	10.284278098	36.147700996
60.104747813	10.875560347	35.373665013
60.138640983	10.811783673	35.465402092
60.061277301	10.904878565	35.325628063
60.065573149	10.857212100	35.389224548
59.820369497	11.166964977	34.939279745
59.807946171	10.283205619	36.093499642
59.817828737	10.338795582	36.022287803
59.828426966	10.408521210	35.932667245
59.846548648	10.223656956	36.178537777
59.735921702	10.300774087	36.058704925
59.726455293	10.313246069	36.040932269
59.896873470	10.275705331	36.119633463
59.894915643	10.248735572	36.154717050
59.899012259	10.286314027	36.106098984
59.930229979	10.343533586	36.036981871
59.977637116	10.324050466	36.072354094
59.896753735	10.769744841	35.470980729
59.936684057	10.898324397	35.309621074
59.817722841	10.824270540	35.386426038
59.806333379	10.806274362	35.408191510
59.949919772	10.948740545	35.245964774
59.823415953	10.650399332	35.614848116
59.937804726	10.646703994	35.639971381
59.967865728	10.699274370	35.576746176
59.923367530	11.148463141	34.979754791
59.945837811	11.122258738	35.017960179
59.892421966	11.191005458	34.918985251
59.930073411	10.966111068	35.219600167
59.930365457	10.980105483	35.201321728
59.682408189	10.664412616	35.575976186
59.742871050	10.914467953	35.257766638
59.877574676	11.089624279	35.049042453
59.912004662	11.085981481	35.059531943
59.674903179	10.892585234	35.277707327
59.799326532	10.250206044	36.135302616
59.887796050	10.793821808	35.437853777
59.713565158	10.828214475	35.366375174
59.959403221	10.803396401	35.438381001
59.837383259	10.774195324	35.455065763
59.906850000	10.607258806	35.685939335
59.930323550	10.730700601	35.528292698
59.846908854	10.407991391	35.936599426
59.801393560	10.369308116	35.979478100
59.928926263	10.699647368	35.568784578
59.872145325	10.821634795	35.398733200
59.868081679	10.757476771	35.482070353
59.908919722	10.826821483	35.398332083
59.993582967	10.909763264	35.305390621
59.683327353	10.362869668	35.969765721
59.690796802	10.320205772	36.026578898
59.786813030	10.243191406	36.142372717
59.749644948	10.250738340	36.126379062
59.878873379	10.298033305	36.086841315
59.847535128	10.271052293	36.116471507
59.811620106	10.226306645	36.168789464
59.962884613	10.332313945	36.058386281
59.963026196	11.060727536	35.101634860
59.979023601	10.975239064	35.216676612
59.968007940	11.017352001	35.159391259
59.973219650	10.655771817	35.634969134
59.789260640	10.797759246	35.416728961
59.760857262	10.776697971	35.440076771
59.827582019	10.777877573	35.448666333
59.805732856	10.691449989	35.558278519
59.826269396	10.678183644	35.578935483
59.851719896	10.686229137	35.572625439
59.742964326	10.838521199	35.356855571
59.775674252	10.850573822	35.345729632
59.791045224	10.887288704	35.300023557
59.741294528	10.941609637	35.222162439
59.776347678	10.810717198	35.397885564
59.706788032	10.831458350	35.361270808
59.897471551	10.777522991	35.460912661
59.900486059	10.626761776	35.659173680
59.958007804	10.859901744	35.363969970
59.951491933	10.775484580	35.473506667
59.937199029	10.722353842	35.540536076
59.974193722	10.920500922	35.287549092
59.919771273	10.632130242	35.655695804
59.909531961	10.769384543	35.473736816
59.946268532	10.681789197	35.595517429
59.894756091	10.677719069	35.591285446
59.910747415	10.735894781	35.517874411
59.961581629	10.735022728	35.528564816
59.842105370	10.796425852	35.426740632
59.829812396	10.766546870	35.463850278
59.861306692	10.751402337	35.488875938
59.972081259	10.764949479	35.491307806
59.820992236	10.837594230	35.369514565
59.872533931	10.799362216	35.427967003
59.923320917	10.779471926	35.463014904
59.826078374	10.809527844	35.407021448
59.946025013	10.714141897	35.552989956
59.898363457	10.802022252	35.428961011
59.927332974	10.740945240	35.514293971
59.934204230	10.778372812	35.466465709
59.921038144	10.675278968	35.599294659
59.897513048	10.756292640	35.488749320
59.870647205	10.847168075	35.365048911
59.935426777	10.681395857	35.593966791
59.819170563	10.875212506	35.320049376
59.914816653	10.846811048	35.373186561
59.925016095	10.851050326	35.369467677
59.846172705	10.437353653	35.897944549
59.854557229	10.495993359	35.822496066
59.959749675	10.477697852	35.866413563
59.907640405	10.472236980	35.863392801
59.711687036	10.872330016	35.308618097
59.629072369	11.219026517	34.848601173
59.466841363	10.967231851	35.162125023
59.438848608	11.104497917	34.983180188
59.493028315	11.158368206	34.916557344
59.514164236	11.159590918	34.916326035
59.616964557	10.451070106	35.846058436
59.561324182	10.466081176	35.820253226
59.546836560	10.488349835	35.789792433
59.378652964	10.724634526	35.470956181
59.381201187	10.686430264	35.520453268
59.559838480	10.578967239	35.673251672
59.421845438	10.592871602	35.643820085
59.618761949	10.404571697	35.906897435
59.420265201	10.686848113	35.522070235
59.620529761	10.218214058	36.150244531
59.491401172	10.310595198	36.015510942
59.593963702	10.745505487	35.460153706
59.538762800	10.740822562	35.460948710
59.511636053	10.680957511	35.536308200
59.383659133	10.478612163	35.789366247
59.547304473	10.247006135	36.103933633
59.566725293	10.224669588	36.135226217
59.403509080	10.670643873	35.542056089
59.335570654	10.666982053	35.543541379
59.456008543	10.697820090	35.510178294
59.478257426	10.687324269	35.525387571
59.654539631	10.997992846	35.138247437
59.638931207	10.932845836	35.221269026
59.637330773	10.697605877	35.527222911
59.627335821	10.948620467	35.199537090
59.450311292	11.137666611	34.940919827
59.424289096	11.017811533	35.094414765
59.660375020	10.956274699	35.193149334
59.358593985	10.413564225	35.872088096
59.588251195	10.395302475	35.915371325
59.570855935	10.256929199	36.093666288
59.417722895	10.496774512	35.768007012
59.430702760	10.482229705	35.787752357
59.335898213	10.418781523	35.864151571
59.657632701	10.685505648	35.545389235
59.653275006	10.807071154	35.386521298
59.598094950	10.748649979	35.456491131
59.413360947	10.689617483	35.518076982
59.343945512	10.720950113	35.474207404
59.346899599	10.844465701	35.314942991
59.457714786	10.800983557	35.376691360
59.667227696	10.633142056	35.614833391
59.633334569	11.026744548	35.098634969
59.603627914	10.615393758	35.630466856
59.583301823	11.108956642	34.987199299
59.266543801	11.017527096	35.090488482
59.035059801	10.948277504	35.184754597
59.237450171	10.440842834	35.832131612
59.263352051	11.136786442	34.937286300
59.037755794	10.942307210	35.192225750
59.155594675	10.936931441	35.194723709
59.213137164	10.946888956	35.181197553
59.306091248	10.458943167	35.810940486
59.293672179	10.420938637	35.859513188
59.310652797	10.428038743	35.851032213
59.123379873	10.256300963	36.068143395
59.119110105	10.221465958	36.112870331
59.253654379	10.908978848	35.229923118
59.101738415	10.424472167	35.852479115
59.109424743	10.411691442	35.868782601
59.183975238	11.198463918	34.859160995
59.317333429	10.364483809	35.933427031
59.332057977	10.423520336	35.857839577
59.234283876	10.312585884	35.997309115
59.233072668	11.006728834	35.104302253
65.409852911	12.192313833	36.746681180
65.455905327	12.212355281	36.752817207
65.339511563	12.197895609	36.690209834
65.364275137	12.189923724	36.717913034
65.087076686	12.078387322	36.667171210
65.183842301	12.112691795	36.691164340
65.311069135	12.164222833	36.713928508
65.046937066	12.113921004	36.592205051
65.045199802	12.169424224	36.518565764
65.122334647	12.154087572	36.593596713
65.159343448	12.115462270	36.670196914
65.220615004	12.051113704	36.797289982
65.239536130	12.113014260	36.730101481
64.944487808	12.194346668	36.413778244
64.965258492	12.062829106	36.600511992
64.861431998	11.234056902	37.614547377
64.958431249	12.181498058	36.440585029
64.871367453	11.623200679	37.109640526
64.913275456	11.808591617	36.896166074
64.850788299	11.232349203	37.609326425
64.485512486	11.478412393	37.024992207
64.493685382	12.029005608	36.304192355
64.395556599	11.389823908	37.077836474
64.461734307	11.548398716	36.915346195
64.381999245	11.396716294	37.058985318
64.507106762	11.944353055	36.425415090
64.469746629	11.748608167	36.656536079
64.138080379	11.881519927	36.240626054
64.133322572	11.675799768	36.509859398
64.225749975	11.228829561	37.170093556
64.109253388	11.574645480	36.626798145
64.110245783	11.343262112	36.935174283
64.307172819	11.223250358	37.235683752
64.090739395	11.426100053	36.810960206
64.189310156	11.226954384	37.146545129
64.000078783	11.475798043	36.679766493
63.730183340	11.786603758	36.072554239
63.988168427	11.609856376	36.492852938
63.796925177	11.480734244	36.527773379
63.920569840	11.426093889	36.689000909
63.772230693	11.472282372	36.521433611
63.776005876	11.730104663	36.180546819
63.813578414	11.867344312	36.025007625
63.919006677	11.580172413	36.482653466
63.810046195	11.548695947	36.446527485
63.730192668	11.786620624	36.072538469
63.445226730	11.679723582	36.012820196
63.387214555	11.905569972	35.670856560
63.344059410	12.021211572	35.486618063
63.430142779	11.753654175	35.903547856
63.657844945	12.155260522	35.531015895
63.003916448	11.683415135	35.703254659
63.150140315	11.785163649	35.666834437
63.047606991	11.598273318	35.846800885
63.071138989	11.438888799	36.076368289
63.038071881	11.675502061	35.736960853
63.051684881	11.666826283	35.757806777
63.294622182	11.823905270	35.715013972
63.060956230	11.453650011	36.049659535
63.101009823	11.399688156	36.149263927
63.152837276	11.237389139	36.402483147
62.841585415	11.302638030	36.105408554
62.744872330	11.328178485	36.007526713
62.940222688	11.823810644	35.472636650
62.899008954	11.861855640	35.394215620
62.879342413	11.830880778	35.422479255
62.768688493	11.819164229	35.364962831
62.699576948	11.793346130	35.354346829
62.712136276	11.358758671	35.945101515
62.853996087	11.803855334	35.441743221
62.965131333	11.764094829	35.569191943
62.806882143	11.330742797	36.044741372
62.811854862	11.360056300	36.008631503
62.607205766	11.648777173	35.488251754
62.637714729	11.909503743	35.159100881
62.615465668	11.592012163	35.569614851
62.513783312	11.279179704	35.924999632
62.592419736	11.461018295	35.730586529
62.663754472	11.867185106	35.232428690
62.390805940	11.454719422	35.612331428
62.465312916	11.353466852	35.794663705
62.358335944	11.471974419	35.569175034
62.590250935	11.784279319	35.296022479
62.638986802	12.028542257	35.001067412
62.498284496	11.222449620	35.991556610
62.440202009	11.411551738	35.700942052
62.617597339	11.843590800	35.234230598
62.581149123	11.402081715	35.802535022
62.042882437	11.694440006	35.083535750
62.187048927	11.754647714	35.087078995
62.238262542	11.769520580	35.097695836
62.114579580	11.678904156	35.145803718
62.331021144	11.576874087	35.411741351
62.317746405	11.637833075	35.321957155
62.083553779	12.074115126	34.600217000
62.088283987	11.654238806	35.163520368
61.843140261	11.818329386	34.806296178
61.882018662	12.029461728	34.546158705
61.811923225	11.915027836	34.660442852
61.931427348	11.850168310	34.812436465
61.909541037	11.779358330	34.894803659
61.853848152	11.746917358	34.907474176
61.768509011	11.484488590	35.212275213
61.772940450	11.935468098	34.612323792
61.851721301	11.874287199	34.736325379
61.773109762	11.629036559	35.021328772
61.699369479	11.233767302	35.511652139
61.724978183	11.378898377	35.330538999
61.971544138	11.944436993	34.709155462
61.878262572	12.111217127	34.435341402
61.548056194	12.075907551	34.309981912
61.494100139	12.117651138	34.228168848
61.342493170	11.927470283	34.408817049
61.420483251	12.134730417	34.170307930
61.665851044	12.017823349	34.446625155
61.328356704	11.263109148	35.287684969
61.051954434	12.065871111	34.099961940
61.171935051	12.162894773	34.021489304
61.106199523	12.019829370	34.182993307
61.268643723	11.319237723	35.185128557
61.302247682	11.795967499	34.565083469
61.106809066	12.024334258	34.177288120
61.198696016	11.508547559	34.901253743
61.036705505	11.372410907	35.013626516
61.097248853	11.357927402	35.058189785
61.150294736	11.364959263	35.071525215
61.222295093	11.333713119	35.144892525
60.687403112	11.832378815	34.274090018
60.770502003	11.755240174	34.404226650
60.876471373	11.453625067	34.842335194
60.816221611	11.345218503	34.963794592
60.927788175	11.513233721	34.782845939
60.936769473	11.667457485	34.581718120
60.807641176	11.708446084	34.479266494
60.439928253	11.240811084	34.978045446
60.470934737	11.237809048	34.991116385
60.394175640	11.539439521	34.571397682
60.612649031	11.277775818	34.982457915
60.405597339	11.486905014	34.643695357
60.491975501	12.079758175	33.888992677
60.530024170	12.073648443	33.907907953
60.082346725	11.420875598	34.652963965
60.198274735	11.890972022	34.062505422
60.181768154	11.575021182	34.472148414
60.328903707	11.268629704	34.910549676
60.198881945	12.009603241	33.907824358
60.314300812	12.022937186	33.916752504
60.276482355	12.133351290	33.763692901
60.186517930	12.011086644	33.903259066
59.945582394	11.407018453	34.645705558
59.919915385	11.532193705	34.478246837
59.780908857	11.788354027	34.126413731
59.723218719	11.785445252	34.123979306
59.668587329	11.786216808	34.117917762
59.872806233	11.793429108	34.131487866
59.875296153	11.236132933	34.857326888
59.865347088	11.300985384	34.771177897
59.930076293	11.988466423	33.886608833
59.948005702	11.336297962	34.738469856
59.827128567	11.715608170	34.226374610
59.745437124	11.810509841	34.093830383
59.870382824	11.656554492	34.308945605
59.675779209	11.315950283	34.727473155
59.932492052	11.905875542	33.994140849
59.587320087	11.614261834	34.333681682
59.401772894	11.697890577	34.218025666
59.514463955	11.656997668	34.274263772
59.644343254	11.685434580	34.246086567
59.608793603	11.616726883	34.332054211
59.386459492	11.313904674	34.711242472
59.612083160	11.675623699	34.256234474
59.393866885	11.318190270	34.705930121
59.664759640	11.694994512	34.235464760
59.539418372	11.579300951	34.375739143
59.463373305	11.321884605	34.703795853
59.595213418	11.315611907	34.720435717
59.478992650	11.647822935	34.284517767
59.480763824	11.659800999	34.269173920
59.617250933	11.599835128	34.354528067
59.429570059	11.346856586	34.670180924
59.363502797	11.281092785	34.752910918
59.653211703	11.862737837	34.017873667
59.637183102	11.313111507	34.727360545
59.141034357	11.630357337	34.309258826
59.125616336	11.441617986	34.550653723
59.119254839	11.396481665	34.608543563
59.305211420	11.245726425	34.797533466
59.297861728	11.668462086	34.255483138
59.313142858	11.233448365	34.813376470
59.101073946	11.276687029	34.762283912
59.194883066	11.677320661	34.246838161
59.325820523	11.254784369	34.786097713
58.973028649	11.500109362	34.487471827
58.988483075	11.540292336	34.435032277
58.945411992	11.470314640	34.528002943
68.047614804	13.174891988	37.067380230
68.018854510	13.182815294	37.045079422
67.950011025	13.137079700	37.069257708
67.964424752	13.167825602	37.038680007
67.877127276	12.978121653	37.228220475
67.889653642	13.022249567	37.180539606
66.358686414	13.006903652	36.344560853
66.442358694	13.150922261	36.216901840
66.565747549	13.192255099	36.243446283
66.077935163	13.043079224	36.113780786
66.154431757	13.046015061	36.161191218
66.319643960	13.099731298	36.202058146
66.319998320	13.096822113	36.205961517
66.202555744	13.021055791	36.224707442
66.056580219	12.765840884	36.451927300
66.038167235	12.954262700	36.199885256
66.268832841	13.170635037	36.079244063
65.860629383	13.183934201	35.786501373
65.912293687	13.154968793	35.859000615
65.875028317	12.493326010	36.678249351
65.856497755	12.421099240	36.758310334
65.985646432	12.547344475	36.683271848
65.961677386	12.472353795	36.763128996
65.840642165	13.199059660	35.753394470
65.932532346	13.091367131	35.953806185
65.971660658	12.895923936	36.229264620
65.893774271	12.395803895	36.815749767
65.805876190	12.491659134	36.633620405
65.756058792	12.415582559	36.697401671
65.516924247	12.272271392	36.717713521
65.577987305	12.391409995	36.606248677
65.448672071	12.309773692	36.621738475
65.604462100	12.362383037	36.661965120
65.496187373	12.244477086	36.739253436
65.495249675	12.341067293	36.613770637
65.434634972	12.442952286	36.439737307
65.406113625	12.546727934	36.285577741
65.394223046	12.512004218	36.322040792
65.484049711	12.441089675	36.476779038
65.324745794	12.964449950	35.688758845
65.250585400	12.790364253	35.859933988
65.305255091	13.195639484	35.377290203
65.055616643	12.260761977	36.406972663
65.271735746	12.825785325	35.829409099
65.271607534	12.677966454	36.020286878
65.322729644	12.667860014	36.069895560
64.808622245	12.953144164	35.326748174
64.910570455	12.388485526	36.135930396
64.931496763	12.289067605	36.280761758
64.877844746	13.137539430	35.138966445
64.874599983	13.209107180	35.044044230
64.690178685	12.759222546	35.491581003
64.846481396	13.020586648	35.267218788
64.934711051	13.150720899	35.163913863
64.583597086	12.247913672	36.081956287
64.486683826	13.194771135	34.774338518
64.626595588	12.298102253	36.047513628
64.443002464	12.338898884	35.859758147
64.399708198	12.343109645	35.822516411
64.466330950	12.922646406	35.113199150
64.457696973	12.700387490	35.396935326
64.244478181	12.380619952	35.659446454
62.062532066	12.237767178	34.370479096
61.374923388	12.714701008	33.384214976
61.506914644	12.513345567	33.711155388
61.556538641	12.497811971	33.755831154
61.413849012	12.515324436	33.664376407
61.422832974	12.381637800	33.844880875
61.421248993	12.383241622	33.842020396
61.370073904	12.220375497	34.033408491
61.271979067	12.468698399	33.661475154
61.255634005	12.512513814	33.596648872
61.230564226	12.664175225	33.386547100
61.172926037	12.752027234	33.246998696
61.262145520	12.824824012	33.189642354
61.323625976	12.747173187	33.318442639
61.319323725	12.264643713	33.951710789
61.260360316	12.335661611	33.831676510
61.071236367	12.582796225	33.427275277
61.161324933	12.447382531	33.641982863
61.235034819	12.718094227	33.317753932
61.217665512	12.225799827	33.958033047
61.316704518	12.268170115	33.945869505
60.700273455	12.392307916	33.542766163
60.758171638	12.381480012	33.576022638
60.806525255	12.306113920	33.691380052
60.897168443	12.297458252	33.735172669
60.453018049	12.489497387	33.343240154
60.363538850	12.436596386	33.389352093
60.420787006	12.415493687	33.431190395
60.074573851	12.350037042	33.441194465
60.120181413	12.319887180	33.488506116
60.185096536	12.318586570	33.502845562
59.998066287	12.312958715	33.476559815
62.338194185	8.060316806	40.185496475
60.636347717	10.416915775	36.135467744
64.340774473	12.523427740	35.542544824
62.345106940	10.900178263	36.330723250
68.286418873	13.858057481	36.353562218
68.184662085	13.611989834	36.603082659
68.073122743	13.233513828	37.008097981
68.256037261	13.805282948	36.403301698
68.075106911	13.329615164	36.893440425
68.138617339	13.458636413	36.766574697
68.270457260	13.971511425	36.211394513
68.262509828	14.162396084	35.980442920
68.153659216	13.518698331	36.701189039
66.950297446	13.674880659	35.879147573
66.989109680	14.036954984	35.455164274
66.714772340	13.666111693	35.744981178
66.793848171	14.003262876	35.375896124
66.899774025	13.647284851	35.882755685
66.828797766	13.758759966	35.700919135
66.732011933	13.797726468	35.592067944
66.816721586	13.959524780	35.444444504
66.855462194	13.709968784	35.777909973
66.730331422	13.903246874	35.459880818
66.723951219	13.566910098	35.874303380
66.947702989	13.912960983	35.583015876
66.976542985	14.148610319	35.309816455
66.995817451	14.179279234	35.283845175
66.334809325	13.389445336	35.846799474
66.489295124	13.236153599	36.139800564
66.346666054	13.439969901	35.791034410
66.646384187	13.533807386	35.866863588
66.623933762	13.287985391	36.160067532
66.633598316	13.379723097	36.051351517
66.166028993	13.835414180	35.172517019
66.311924781	14.127090274	34.906369352
66.315993764	14.130912789	34.904353115
66.050017974	13.606339935	35.381574726
66.196550826	13.788853977	35.251850760
66.299875772	13.425183879	35.778743759
66.027585759	13.303837034	35.748931783
66.090047139	13.462524881	35.590663011
66.100585570	13.555808458	35.480018898
66.021579113	13.453160341	35.555694716
66.315993619	14.130912503	34.904353374
66.325114910	14.092309412	34.958756410
66.313862980	13.286331626	35.962897480
66.246430852	13.956156369	35.075787818
65.896974840	13.275209355	35.695543533
65.966193319	13.422277491	35.556698876
65.696092433	13.284587836	35.543245891
65.744899352	13.226454559	35.651707884
65.924853197	13.415175440	35.537126017
65.518584470	13.624152695	34.983581142
65.534254313	14.020695448	34.491258512
65.538803060	14.154550153	34.325213749
65.510906294	14.216522291	34.226463155
65.566355429	13.401488834	35.301871475
65.540255019	13.381673396	35.308473078
65.528912930	13.409242221	35.265125520
65.376324027	13.361052626	35.216634490
65.546346421	13.718654024	34.883380945
65.596744339	13.983880363	34.583335723
65.524190972	13.532156211	35.104876223
65.628917399	14.020489019	34.560328188
65.583069868	13.811498055	34.791974631
65.079198946	13.314276644	35.059489269
65.078786757	13.314847512	35.058451095
64.858376186	13.350119512	34.849953592
64.879711940	13.491866103	34.683177496
64.891033275	13.673101203	34.458688101
64.880060019	13.843486918	34.232071990
64.886971857	13.964013887	34.083113158
64.822155639	13.393907656	34.766544090
64.682845713	13.652291399	34.329596351
64.727266060	13.486727998	34.576093798
64.855797880	13.428810091	34.746583068
64.886991591	13.554849928	34.607577678
64.794969526	13.383357894	34.759918032
64.445903439	13.697895321	34.093037484
64.361795465	13.620987864	34.129152142
64.385363307	13.631369845	34.133414061
64.420062075	13.635191184	34.154500564
64.477302028	13.894906247	33.863222864
64.480955403	13.657326899	34.171636158
64.554686819	13.708089653	34.161604324
64.648671570	13.693669106	34.250728488
64.489119544	13.411574602	34.495156527
64.483863028	13.350208293	34.570675530
64.471333194	13.536475591	34.320369111
64.468660941	13.586349851	34.253968686
64.492169714	13.990698887	33.751536049
64.481774831	13.267405493	34.676435309
64.521223816	13.684613827	34.166702433
64.091596782	14.043434914	33.382622587
64.237463011	13.774025996	33.838522825
64.172190706	13.840103547	33.704480226
64.145645059	13.897532938	33.610656267
68.517812981	14.937626363	35.175704698
68.393877709	14.836609014	35.239587674
68.434338612	14.766620098	35.340454115
68.591266577	15.067869752	35.054642098
68.500908613	14.884615756	35.230702533
68.459769127	15.048185620	35.019677607
68.536167046	14.992741481	35.118908156
68.211847821	14.357039659	35.725483289
68.213913913	14.488787083	35.569495301
68.316849739	14.717054780	35.345955556
68.236479223	14.559280635	35.496117774
68.253673164	14.663002782	35.380827810
68.257676496	14.272475934	35.847178423
67.376718610	14.595239020	35.001902011
67.400806428	14.664077567	34.932188972
67.349745300	14.552321492	35.038455617
67.348042065	14.777209298	34.763965453
67.292176726	14.921806638	34.555180868
67.298051221	14.791638638	34.716864365
67.283809858	14.555436595	34.996031712
67.229165959	14.603837865	34.904559962
67.199702684	14.633818980	34.850309167
67.179699352	14.531271226	34.963536077
67.181772327	14.465119645	35.045665236
67.284394038	14.564887007	34.984854704
67.287495437	14.433951557	35.146396473
67.290768195	14.602092571	34.943270350
67.277827503	14.486176032	35.076985450
67.240711020	14.826303435	34.640392489
67.294358618	14.709880000	34.814132779
67.320229837	15.027872802	34.443267983
67.088593728	14.987463547	34.350961102
67.234681612	15.040963463	34.375794547
67.032844674	15.199619327	34.057612980
67.275041425	14.357804029	35.232090143
67.265386990	14.316451041	35.276977867
67.078228327	14.293304895	35.193827083
67.136390526	14.937276391	34.441720266
67.196788808	14.464752706	35.055097668
67.240330364	14.713133073	34.777975524
67.305059080	15.175244498	34.255614857
67.224116189	14.890182723	34.552646153
67.175323334	14.891889493	34.520891600
67.040004067	15.070280200	34.219614044
67.211915591	15.159349303	34.218205128
67.277390227	15.145903513	34.274423502
67.120290796	14.314156021	35.193647064
67.045967211	14.269117386	35.203938769
67.138606792	14.376707248	35.127985106
67.243051349	14.622050829	34.890631139
67.270520869	14.728846758	34.776876559
67.266780471	14.424391639	35.145907225
67.283124364	14.597252464	34.944653943
67.309517830	14.432506365	35.161035208
67.274620622	14.377775266	35.207446015
66.404949560	14.535481359	34.461018982
66.387474685	14.638422797	34.321453788
66.368378298	14.314149663	34.711330534
66.396372151	14.663040061	34.297021217
66.504308047	14.965690125	33.996668306
66.344342506	14.319294598	34.688613408
66.404447302	14.459587969	34.554897249
66.380493360	14.565737345	34.406834202
66.469307948	14.854373402	34.110118881
66.479215806	15.039616109	33.888563680
66.449080124	15.149664933	33.732550984
66.422869260	14.771749283	34.180552127
66.163143050	14.587678494	34.229389512
66.281871679	14.534785884	34.377663135
66.205842785	14.558885016	34.295023916
66.257522724	14.539476379	34.355019657
66.310277336	14.418134175	34.542302668
66.320008558	14.242928313	34.767257947
65.674866576	14.272186903	34.275959777
65.682018425	14.535203212	33.950579144
65.692006688	14.329956975	34.215686874
65.490626273	14.314782657	34.087499288
65.454528817	14.425792472	33.920884471
69.050532368	15.869325398	34.312684201
69.265124984	16.060598675	34.175162078
69.169520629	16.090201337	34.105218520
69.227721070	16.107705714	34.107331617
69.298919424	16.039283960	34.211910628
68.862845028	15.549787625	34.606670296
68.978491318	15.641925515	34.546605552
68.894353328	15.606811754	34.553412332
68.723297537	15.492212369	34.615123625
68.754787236	15.463127520	34.662427084
68.707537983	15.448221632	34.659674610
68.792028496	15.505935881	34.628264479
68.950266743	15.655880380	34.519205891
68.511255438	15.879108880	34.067932641
68.619636956	15.603060319	34.440364435
68.615691742	15.758402506	34.257165642
68.497835954	15.879469711	34.061183067
68.475707151	16.074378214	33.822755316
68.645720351	15.287663213	34.820642002
68.556784539	16.107675972	33.822503614
68.452588140	16.019813411	33.875403767
68.646420024	15.502135059	34.570167700
68.538587964	15.724314754	34.261745786
68.101524750	15.889787191	33.851262387
68.021171492	16.010701429	33.665689223
68.138712146	15.886472638	33.874615034
68.120494838	15.862898103	33.892947916
68.187052812	16.029530220	33.731116531
67.830813872	15.995071997	33.579471860
67.920186581	15.874597468	33.771952566
67.766582705	15.944271232	33.603520568
67.970386194	15.917650178	33.748299998
67.710418405	15.854618085	33.678173019
67.687791409	15.811717386	33.716328931
67.728505478	15.906191915	33.627111691
67.996082963	16.015011253	33.647043801
67.861170342	15.927432354	33.676699229
67.786081837	15.926722865	33.635429977
67.540860613	15.580932068	33.907052988
67.351264539	15.504980533	33.885318892
67.424153788	15.561054311	33.861753678
67.551168898	15.670572869	33.805666584
67.453067136	15.477527247	33.979446504
67.347024641	15.593915236	33.775650187
67.568979477	15.724632015	33.751400136
67.603374413	15.727948960	33.767530304
67.636398302	15.732637953	33.781094853
67.459817413	15.577158860	33.863700979
67.372930711	15.542500564	33.853248044
67.479923636	15.456293699	34.020883167
67.429831906	15.508549052	33.928293514
67.257586868	15.395642799	33.960113314
67.243848847	15.331190059	34.029617009
67.164195151	15.494534275	33.782653164
67.270177039	15.422441442	33.935458591
67.004025423	15.346228074	33.861016944
67.101548557	15.383459425	33.877768768
67.168258716	15.887199089	33.311704013
67.140946202	15.396595171	33.886612680
67.048867579	15.273775946	33.977597778
67.045138187	15.382734484	33.842920279
67.136610963	15.450888106	33.818154653
67.102921209	15.468658290	33.775411633
67.155530348	15.972884800	33.200628620
67.231587116	15.401966667	33.936468128
67.246690023	15.506067339	33.820024703
66.945762951	15.309418721	33.868350831
66.823445993	15.503089081	33.552918630
66.672731250	15.411560058	33.563915677
66.777398018	15.633476155	33.363897077
66.740990395	15.464689280	33.544888349
66.841510816	15.330655507	33.774703260
66.802730959	15.429576819	33.628674770
66.751279135	15.817372983	33.123339919
66.765378521	15.476493446	33.546770695
66.909110437	15.317109547	33.835285201
66.984226614	15.316695910	33.884230799
66.507161131	15.276806144	33.616325951
66.468784977	15.231985946	33.644975127
66.586616170	15.350958609	33.579727829
69.395728355	17.128472451	33.010462660
69.360335733	17.066098870	33.067285634
69.363348313	17.118976088	33.008605510
68.724594703	16.552563175	33.384253363
68.675260017	17.113453148	32.713818314
68.785826934	16.538971006	33.427949605
68.680564190	16.879746260	32.985694922
68.677590718	16.765938691	33.115671075
68.508731110	16.700668871	33.109543629
68.653283291	16.587238399	33.310849669
68.524860631	17.151788954	32.595483710
68.392500043	17.142440836	32.538631752
68.558400593	16.219730049	33.692708774
68.628398584	16.595945023	33.288977294
68.454498091	16.608045128	33.190226770
68.348095007	16.889479907	32.808919697
68.357974073	17.010371589	32.673706382
68.572693382	16.644221561	33.206298899
68.215434434	16.237193154	33.501764942
68.326088477	16.702653923	33.014872356
68.316293952	16.637085445	33.086225935
68.286200640	16.569126749	33.149933468
68.292926163	16.477536342	33.260408166
68.231956880	16.244557912	33.501694508
68.331593681	16.546427286	33.199850757
69.402789934	17.299259849	32.820261046
69.188920725	18.057403404	31.875877738
69.309468921	17.536780879	32.514612669
69.252637894	18.178476446	31.767529066
69.229536647	17.994715960	31.964260577
69.236516978	17.920397439	32.051028974
69.228308411	17.974807428	31.986159190
69.255671055	17.690867417	32.318176987
69.157853564	18.119797945	31.791801386
69.256082543	17.538212477	32.490864344
69.146485048	18.155508042	31.746483295
69.236213109	17.769752718	32.220842057
68.717151921	18.104235682	31.600942474
68.729051093	17.289310263	32.537612692
68.679270791	17.479267784	32.295564978
68.824062476	18.189305617	31.557231406
68.681599925	17.944925824	31.764471316
68.695188675	18.088560960	31.607760585
68.798256995	18.179611876	31.555573088
68.681464618	17.613869189	32.142485191
68.696701970	17.427596638	32.363332319
68.370865828	17.234734159	32.420569071
68.665637412	17.836941142	31.879646912
68.464551206	17.476246938	32.190714990
68.596663541	17.620153264	32.092952204
68.454428818	17.542425756	32.109315343
68.394592099	17.248870090	32.416626356
68.443621762	17.436173352	32.226008208
68.432774613	18.072178450	31.490615233
68.507252379	17.814927301	31.824035267
68.656865540	17.709701978	32.020641767
68.539381777	17.575621683	32.114957567
68.419813485	17.297241644	32.373872274
68.440096031	18.084784352	31.480115428
68.489905551	17.512869334	32.161677443
69.676047906	18.904089584	31.135723501
69.654686201	18.956250868	31.069493584
69.656740260	18.953606689	31.073245061
69.541940138	18.962396175	31.016349192
69.564113127	19.145343340	30.823256715
69.662361786	18.940358138	31.090151372
69.643602294	18.958277765	31.062766770
69.562120128	19.113465687	30.857647752
69.539827358	18.976190083	31.000188536
69.089438502	18.259283924	31.603726210
69.076528496	18.383456637	31.457974952
69.017313725	18.630382578	31.152656818
69.008210034	18.840841009	30.912254931
69.144354604	19.048401767	30.744739235
69.122908092	18.727942833	31.092762338
69.227658855	18.371859250	31.539395697
69.156302840	18.545499832	31.312544531
69.018899528	18.897058090	30.854430838
69.072365592	18.431221811	31.402312184
68.834327100	18.252569856	31.490588119
69.503865665	19.248665547	30.683545393
69.337592203	19.958043538	29.828079432
69.396989085	20.137882086	29.658211805
69.494908439	19.247905208	30.680539421
69.340744312	19.387992286	30.457766870
69.361632608	20.107939662	29.674777380
69.375912121	19.369647197	30.493827043
69.325039518	20.018577254	29.755845647
69.143584979	19.801300132	29.909393715
69.042997586	19.442558154	30.257920056
69.228062046	19.822672613	29.925959651
69.021336979	19.299451499	30.406494481
69.211495415	19.529490854	30.241862826
69.256243807	19.416432190	30.387780085
69.227518928	19.435568686	30.353299083
69.097461835	19.660929167	30.042268773
69.229571001	19.488152310	30.296037008
69.263620019	19.927316249	29.827484595
69.822716182	20.827773779	29.096165021
69.817744091	20.865159272	29.053780691
69.797759843	21.096772438	28.796110173
69.813660125	20.905868782	29.008205951
69.614841972	20.338741927	29.536377351
69.583401246	20.397517975	29.458648500
69.517011806	20.633349255	29.172844546
69.341754349	20.350258226	29.400596648
69.519721810	20.358678317	29.472645403
69.607598176	20.540159927	29.314356050
69.574959108	20.584584858	29.251709195
69.414272627	20.255841477	29.537150004
69.521273600	20.774041728	29.022278344
69.517233370	20.216079843	29.626993773
69.288602146	20.443263958	29.274163139
69.270585487	20.527337745	29.173958933
69.198494239	20.717903419	28.931929459
69.118886447	20.740482726	28.868485103
69.899411278	21.598430084	28.302897085
69.863267625	21.798543693	28.074438480
69.996537514	22.037327927	27.878158702
69.848499570	22.029316063	27.823144494
70.005084156	23.096633886	26.769933950
70.151662700	22.429755127	27.529350295
70.195243067	22.332471768	27.649469409
70.232316514	22.335319527	27.661558550
70.258717799	22.350457462	27.656329390
70.163256470	22.297005211	27.673664353
70.083869366	22.470773339	27.458040162
70.056330056	22.362576908	27.560219502
70.016763950	23.034650823	26.839528355
69.946470245	23.144178789	26.695045638
69.063935778	23.151544356	26.274353258
69.017522569	23.051284169	26.355435176
68.943282261	23.093833439	26.273557420
68.866898677	23.159672923	26.166088058
68.995437014	23.050642396	26.344962994
68.842142170	23.187366875	26.124614641
70.689251586	23.598537585	26.529352268
70.684838257	23.592964684	26.533379683
70.670125416	23.663444831	26.455290469
70.683352883	23.686508683	26.436726806
70.517438116	23.776712309	26.278934312
70.561262122	23.687780508	26.387708272
70.615167288	23.640887860	26.457089988
70.508280523	24.035856500	26.009585949
70.188180453	24.039275961	25.874124089
70.153317220	23.714037523	26.193684652
69.958940892	23.226722210	26.614620328
69.894343317	23.242753906	26.569700417
69.588066658	23.530412050	26.133188250
69.340223446	23.999656396	25.533785946
69.460052342	23.489841921	26.115483721
69.170338811	23.446074904	26.021533050
69.180783549	23.339669690	26.136854005
69.133560021	23.274305808	26.181408888
69.206209715	23.608100989	25.871706798
69.302300873	23.873480164	25.645062100
68.739633006	23.303029256	25.951744931
68.669915045	23.322584890	25.895092335
70.469541436	24.962682721	25.051610616
70.355386611	25.094363140	24.871693181
70.433347053	24.501524975	25.504091820
70.481882306	25.076573799	24.941766345
70.445266044	24.333806279	25.679731194
70.207952932	24.926741253	24.979085503
70.314645960	25.053740515	24.895685663
70.080093131	25.197906821	24.651242225
70.053443096	24.995998632	24.843211070
70.291235840	25.073175563	24.866303031
69.845404685	25.076104488	24.671855702
69.936414085	24.974611062	24.814063193
69.423364324	24.840035884	24.719032510
69.370258885	24.298657322	25.242646734
71.008116101	25.968751025	24.259169312
70.872836080	25.750305247	24.423385397
70.740355025	25.663315961	24.457616262
70.670776605	25.413985503	24.679153451
70.817930206	25.770536475	24.381537174
70.344812181	26.016621568	23.944718614
70.455039401	25.225481756	24.780846277
70.475113458	25.223056722	24.791519424
70.160719945	25.285860663	24.597227295
69.716291579	25.239005136	24.450990131
69.772517207	26.181550097	23.538853866
69.751541479	25.219920013	24.485803420
69.443627006	25.227831477	24.339061533
69.428472331	25.786539761	23.776738689
69.619230370	25.299077264	24.347412601
69.608048030	25.967983873	23.677591241
69.531133574	25.439730455	24.167275088
70.438191238	26.847802763	23.163540949
70.408359675	26.682607495	23.313349729
70.317687556	26.398034164	23.556069376
69.801599639	26.239457109	23.494391729
69.857501278	26.374451575	23.385636176
69.951598395	26.556629874	23.246869514
69.922116186	27.015819755	22.786385972
69.937857685	26.455472003	23.340296408
70.428824954	28.065222753	21.979756727
70.436669987	27.710218585	22.324436868
70.199100519	28.195520475	21.763694587
70.016029085	27.397991245	22.455161386
70.069571434	27.993222433	21.905131642
70.180063766	28.331216072	21.626881344
70.139063194	28.936866994	21.038167455
70.116520657	29.193329225	20.789125446
70.014122640	29.187709883	20.755524994
70.092452501	28.667963931	21.273383972
70.169284691	28.268168645	21.682618784
70.170531427	28.757074281	21.219663790
70.047009224	29.069343451	20.878629925
70.114662544	29.199243851	20.782889934
70.106311634	28.604521647	21.338715145
70.077059756	28.804344018	21.138871107
70.127296433	29.055864026	20.921941115
70.103740214	29.350796034	20.637302038
70.072188672	30.011787196	20.013693195
70.107681967	30.193517088	19.859559122
70.063320180	29.828738764	20.179088229
69.967324629	29.241563908	20.687647628
69.711147551	29.638879333	20.225532854
69.742213246	29.835498628	20.056634554
69.782030818	29.336035600	20.530563208
69.727673081	30.051055165	19.854797129
69.695360476	29.229916863	20.596385793
69.861259941	29.350261788	20.546909793
69.718300451	29.866001307	20.020204969
70.336370592	31.031187716	19.175700842
70.377543842	31.095752071	19.131418628
70.360867014	31.042989898	19.173527686
70.250689562	30.565470681	19.569961527
70.333683807	31.034396723	19.171849482
70.261997606	30.842126145	19.321623602
70.208343280	30.468643825	19.643463418
70.190178566	30.329685203	19.764248993
70.138196511	30.346098508	19.730643065
