Latitude	Longitude	Geoidal_height
61.692925931	5.195794929	43.702025524
61.930856319	5.127647038	43.819706785
61.916942146	5.171721831	43.768083675
61.920768428	5.216993401	43.718326745
61.596128617	5.093323519	43.799856608
61.597625752	5.045869751	43.852761306
61.337195972	5.071943547	43.783415428
61.077953066	5.207169642	43.598460555
61.049334860	5.180107989	43.624802393
61.003204554	5.188743180	43.609629741
60.967089038	5.185372322	43.609058709
60.801637602	5.015410482	43.777615405
60.888049363	5.117953204	43.674317552
60.929409459	5.134074575	43.661260065
60.849954579	5.078716299	43.713276092
60.731992119	5.183754170	43.585444888
60.777632662	5.077527130	43.706848467
60.496568134	5.184308825	43.564042072
60.510413795	5.204524316	43.542975910
60.345081446	5.177885883	43.560256531
60.359380371	5.130321246	43.613137123
60.405518341	4.995676497	43.763278415
60.477084292	4.947201171	43.821689247
60.480515517	5.207892523	43.536966172
60.328449694	5.075285652	43.671130089
60.137828941	5.074722539	43.660965502
60.117275441	5.150975630	43.577197192
60.296562242	5.082968886	43.660724378
60.275638122	5.077759773	43.665115278
59.795830561	5.175552130	43.541560981
59.804297096	5.171361438	43.546187958
59.832031491	5.146440622	43.573489901
59.209656587	5.186045147	43.541198491
59.237701910	5.195414378	43.529885787
59.172836667	5.194684827	43.533937170
62.353062473	5.941486593	42.988406213
62.471797704	6.156327870	42.769919988
62.405906743	6.102211935	42.817585756
62.361404415	6.077199434	42.836833229
62.394852633	6.165545797	42.743692441
62.476389650	6.198535982	42.723096751
62.335004786	6.067990686	42.841931713
62.343044757	5.840101895	43.100695255
62.181810173	6.082978768	42.794922195
62.198648792	6.126864361	42.748561684
62.228348444	6.010203785	42.886120307
62.248664170	5.975082723	42.929733712
62.229505120	5.725006097	43.207702507
62.026815340	6.042305460	42.811767955
62.035201266	5.529632731	43.389913866
62.061272831	5.524299187	43.400765671
62.105443512	5.641060666	43.278120667
62.279758657	5.793669840	43.140344877
62.161826688	6.034806646	42.845503757
62.090510225	6.087815166	42.772163177
62.288189405	5.734885059	43.208173116
62.271702669	5.989997119	42.917432349
62.103593586	5.435689365	43.508018103
62.136188443	5.677296231	43.243274792
62.131229062	6.074788493	42.794532492
62.106539438	6.062909329	42.803295212
62.136183405	5.964754549	42.919673661
62.095378381	5.546079763	43.382782089
62.052900144	5.621701608	43.289964466
62.182544447	6.069294159	42.810523942
62.323400964	6.152728398	42.743797264
62.002784541	5.849283610	43.024926964
62.067739183	6.069736226	42.788343678
61.998614462	5.515088363	43.399432298
61.909794083	5.253240469	43.675918474
61.915885113	5.627283957	43.258653110
61.926442108	5.459367279	43.448653774
61.768331197	5.282544254	43.618253343
61.750306557	5.940484124	42.878197594
61.773260748	6.196189668	42.593722091
61.869329407	5.728781243	43.136508382
61.925505367	5.517307164	43.383629215
61.914298881	5.948789100	42.896971108
61.917235491	5.770830883	43.097734346
61.943049916	5.455864674	43.455578105
61.830701057	5.449035108	43.443198654
61.948332507	6.134278597	42.693751876
61.844167436	6.019249285	42.805345131
61.921302740	5.896933988	42.956611508
61.611829465	5.287899642	43.586074005
61.641184408	5.288461333	43.590246854
61.508457974	5.220382677	43.644702376
61.591019873	5.432754791	43.421248004
61.514586307	6.166103676	42.587101526
61.363869629	5.379283521	43.446223021
61.340438723	6.093340199	42.644397084
61.490820360	5.506775768	43.323004959
61.491186974	5.802561811	42.992218739
61.425534594	6.094499634	42.654851584
61.520034817	5.724274250	43.084283074
61.568537837	5.640485245	43.185566407
61.371610124	5.475397843	43.340325779
61.361892313	5.564138746	43.239990884
61.352969744	5.710242552	43.075561484
61.446160037	5.822398068	42.963340618
61.455411694	5.870345725	42.910930923
61.338984457	6.093472705	42.644052112
61.464332155	5.562358514	43.256950727
61.459619424	5.246880538	43.607700312
61.508011776	5.712019780	43.096180620
61.591052260	5.432719360	43.421292715
61.666992143	5.781711953	43.042963434
61.411133844	5.817149055	42.964159261
61.360219230	5.663779558	43.128508774
61.370308335	5.791323486	42.987288198
61.432290455	5.899154916	42.875261365
61.630245279	5.714915102	43.111966336
61.489434111	5.392111431	43.450657374
61.535405396	5.760407798	43.046146479
61.184457843	5.312284275	43.495788125
61.066237553	5.280882257	43.515439486
61.188692597	5.815699561	42.935792336
61.165512199	6.205133628	42.496515166
61.042845551	5.324322222	43.464474831
61.102181078	5.347810546	43.445775987
61.030103403	5.486795569	43.282810786
61.208834754	5.818434589	42.935291833
61.140816462	5.638876757	43.127110772
61.159869828	5.880277217	42.860001148
61.137075489	5.340105469	43.458752334
61.168169451	5.967111986	42.763840557
61.074632027	5.424810167	43.356955561
61.064963127	5.520951637	43.249030156
61.083656231	5.610073745	43.152176370
61.118512503	5.568248173	43.202977746
61.098760498	5.493938567	43.283161475
61.032927562	5.365290364	43.417897551
61.324536937	5.784691649	42.988356223
61.322386098	5.793069326	42.978687815
61.229739781	6.081283364	42.643489865
61.064215067	5.566622633	43.198177189
61.056546353	5.509800728	43.260408326
61.027540011	5.461423741	43.310665793
61.164648669	5.738231005	43.019295267
61.324556308	5.784661637	42.988392458
61.113300287	5.284105205	43.517781171
61.232424628	5.822178863	42.934139483
60.978336560	5.486806206	43.276800327
60.933920480	5.497229466	43.260271169
60.877690443	5.593381960	43.147612745
60.728419090	5.648010450	43.072573735
60.834501443	5.607889576	43.127121502
60.832454893	5.524191440	43.219682739
60.513348870	5.246594975	43.497073309
60.459256482	5.274780569	43.462070629
60.470683878	5.356780263	43.372926011
60.492723063	5.262427976	43.478112250
60.501073667	5.262553936	43.478613387
60.453680283	5.460433112	43.257827602
60.521538157	5.318704035	43.418557690
60.385954100	5.219373145	43.517605383
60.368618275	6.105473616	42.540523060
60.380009700	6.202433004	42.433443260
60.346439806	6.208694455	42.424977438
60.614176931	5.836730654	42.853855304
60.555814327	5.748454171	42.947312637
60.391786644	5.907770372	42.760668479
60.386475353	5.767537967	42.915315729
60.387366925	5.656690590	43.037594421
60.543140072	5.264338975	43.479968475
60.530356277	5.256638336	43.487396860
60.519924149	5.273430936	43.468141976
60.401078679	5.315501946	43.413366843
60.377153840	5.760382689	42.922691158
60.480696954	5.733489909	42.958662596
60.518529649	5.275438875	43.465828874
60.582195243	5.797863592	42.894536959
60.650128124	6.116959162	42.544999221
60.626041575	5.481545802	43.247728357
60.430442416	5.627046285	43.072880836
60.363398765	6.077952293	42.570787928
60.638795654	5.958686243	42.720312715
60.665310441	5.485314802	43.246929032
60.603369178	5.446296010	43.284714621
60.121463706	5.903944704	42.753938181
60.308312873	5.411882470	43.302041977
60.243888525	5.740079005	42.938507563
60.010051531	5.810914216	42.853616351
60.053559911	6.019182608	42.625614600
60.263613774	5.308519376	43.412686592
60.287943480	5.285498075	43.439200403
60.184427841	5.462923446	43.240001453
60.266159950	5.428686428	43.281358559
60.324650550	6.195137003	42.439103152
60.075579805	5.269526484	43.446609233
60.212176731	5.837593221	42.829902613
60.060103257	5.922241274	42.732368671
60.237128657	5.832522022	42.836458607
60.068170262	5.974261993	42.675321280
60.245113392	5.800112735	42.872481484
60.274683720	5.664976864	43.022498103
60.324192584	5.359124734	43.360746628
60.041636723	5.521552881	43.170857044
60.010802790	5.265133109	43.449180003
60.288741997	5.266541917	43.459962167
60.198343224	5.450503916	43.254200388
60.224787529	5.371514824	43.341824257
60.194114733	5.426037460	43.280770302
60.274418149	6.152396344	42.484519400
60.287565183	6.177710594	42.456959707
60.243888525	5.740079005	42.938507563
59.984952493	6.012704328	42.631794081
59.928781876	5.803597517	42.860526321
59.752720335	5.951227748	42.699462611
59.759317980	6.128737587	42.505206531
59.787780879	6.177851104	42.450911923
59.686461658	5.484596695	43.207403881
59.673837240	5.463938087	43.229848639
59.956813970	5.326580979	43.380954132
59.750679635	5.489357948	43.201966567
59.775872852	5.394870784	43.304349691
59.823636421	5.520275464	43.168588850
59.781618266	5.902298569	42.752582878
59.832746257	5.773608736	42.892831559
59.702641650	5.817150539	42.846344810
59.672885068	5.912905971	42.742610059
59.704821363	6.076964591	42.562909719
59.777410568	5.251862343	43.458997850
59.740632230	5.325210323	43.379578253
59.910553730	5.497653843	43.194086494
59.873121889	5.525550777	43.163258106
59.741000623	5.230616309	43.481695617
59.943270466	5.516783810	43.173804154
59.995938123	5.493469876	43.200310531
59.690241432	6.019066080	42.626473105
59.725034888	6.121059915	42.514254795
59.836545968	5.749968327	42.918622168
59.485245543	6.214236969	42.420937310
59.577761391	5.420502037	43.277974788
59.438284559	5.277450747	43.434824721
59.424973304	5.260777420	43.453053603
59.440731125	5.246399886	43.468002397
59.434151759	5.289016102	43.422556075
59.372347437	5.289839955	43.423659767
59.386565693	5.324909419	43.385644721
59.404906882	5.249569829	43.465642174
59.414709207	5.317963441	43.392142236
59.405167996	5.336192125	43.372929531
59.603678388	5.834807491	42.829180492
59.660911676	5.951725886	42.700577338
59.602088628	5.785826869	42.882393225
59.497872298	5.323852471	43.383548962
59.420744782	5.447729858	43.252791692
59.508588123	5.617471455	43.067188806
59.522108208	5.651751188	43.029762611
59.489778336	5.549105412	43.141492174
59.494464161	6.143397982	42.497637067
59.575273620	5.807343330	42.859766866
59.427304288	5.621636150	43.065536448
59.447096974	5.623335993	43.062945722
59.481404723	6.037832580	42.613034089
59.498483033	5.895848695	42.766395402
59.546674873	5.895130364	42.765400473
59.541469204	5.847375192	42.817392478
59.491971064	5.737642465	42.937923892
59.575358598	5.704321009	42.971421549
59.476205669	5.687279341	42.992902446
59.017502724	5.598702797	43.115447720
59.017706163	5.598690572	43.115443512
59.286224169	5.286159180	43.431037307
59.320968394	5.289867539	43.425593425
59.224753793	6.210593877	42.441831942
59.152456955	6.160585592	42.501901393
59.102506036	6.170079826	42.496173786
58.942408639	6.023214129	42.669892232
58.812026701	6.000278536	42.709344344
58.961851475	5.769003148	42.939214060
58.906713052	6.068186988	42.625750463
58.984504791	5.699541446	43.011047336
58.739041786	5.647376135	43.092137923
58.765016104	5.842532168	42.882643473
58.725639702	5.671879331	43.067889579
58.931257099	5.721813381	42.992422756
58.781848363	5.836303274	42.887205098
58.766586902	5.876983228	42.845927059
58.835963462	6.069431864	42.632737732
58.771454200	5.859163452	42.864225921
58.894916455	6.053494963	42.642792904
58.996709548	6.036248779	42.650264116
58.822124252	5.715867014	43.010185787
58.520199219	6.095928735	42.649254024
58.463818445	5.999257200	42.760303320
58.480133265	5.878560802	42.884522850
58.518444770	5.803398993	42.957545225
58.614585069	5.647708710	43.107443954
58.566996924	5.697540636	43.061624604
58.533949966	6.148394063	42.591603074
62.781929236	6.982240935	41.897262859
62.836655325	7.039679001	41.843888710
62.732383972	7.093880411	41.758651161
62.737904711	7.158507800	41.685914493
62.754874455	6.997870083	41.873395569
62.848013689	7.175937786	41.690596492
62.724772641	6.983624264	41.883028471
62.632036592	6.834602874	42.032991968
62.447378489	6.358281217	42.536057980
62.409163137	6.252658139	42.647971832
62.427314070	6.317706935	42.577956168
62.556805909	7.133292363	41.675596419
62.581857039	7.144470749	41.668116613
62.348383254	6.806638584	42.005966600
62.625033846	7.143785717	41.678143842
62.596931612	6.902400498	41.948087967
62.618720339	7.092747137	41.735196678
62.624235529	7.032130051	41.805712919
62.615099932	6.952967225	41.894224707
62.627372395	7.087138764	41.743473802
62.496019055	6.701810779	42.155584249
62.390780447	6.570382011	42.283573061
62.427858858	6.780437316	42.051911917
62.486891978	6.535044703	42.343477113
62.446860649	6.747217918	42.093676033
62.361447810	6.265998998	42.623184786
62.373561582	6.314693158	42.570438985
62.463029526	6.833280434	41.998865040
62.476354158	6.763459871	42.081246456
62.381388686	7.016726676	41.772703564
62.492148101	6.873393864	41.959120257
62.479020616	6.706939870	42.146210381
62.351123607	6.836275716	41.972708818
62.536432901	6.572047638	42.311751792
62.627997282	7.160733230	41.659379632
62.545355826	7.149146733	41.655028010
62.530498904	7.128149529	41.675937333
62.570881996	7.083196687	41.735907183
62.578304955	6.916496566	41.928024234
62.622418585	6.998638855	41.843608251
62.484722615	6.486599275	42.398089762
62.503128709	6.718881884	42.137616422
62.509111759	6.686003136	42.176320374
62.417584160	6.946311153	41.860507843
62.384045389	6.982011254	41.812918679
62.367266390	7.086428684	41.690149247
62.482396413	6.825331647	42.011939957
62.478702107	6.453834787	42.434062346
62.468110908	6.371897551	42.524887289
62.407383194	6.549275690	42.310946359
62.464035353	6.241006952	42.672439900
62.293774122	6.878867460	41.912737525
62.306461891	6.612816260	42.218421282
62.205808197	6.476737570	42.353481100
62.023754501	6.747347037	42.011853385
62.311230994	7.056389206	41.713360072
62.286221865	7.217647146	41.523869736
62.269728075	6.882036815	41.904412373
62.333667733	7.083919642	41.686311887
62.088510846	6.862877444	41.891951758
62.062768530	6.324357808	42.499419100
62.123294905	6.920739202	41.832353786
62.095954098	7.207116001	41.499916987
62.144982864	6.292048592	42.551367192
62.193251901	6.411725220	42.424872243
61.912053552	6.748685495	41.990677242
61.739823612	6.507575951	42.235878786
61.863754570	6.581151808	42.172900733
61.882052246	6.710117311	42.029429077
61.864075889	6.756864897	41.973193623
61.898177190	7.105899193	41.580871849
61.999395442	6.610724744	42.162930422
61.719241053	6.521296267	42.217018781
61.766669348	6.221425132	42.564124839
61.800848918	6.810887528	41.901192001
61.754282424	6.278728263	42.497324642
61.933146590	6.522468869	42.251479446
61.921209469	7.025157966	41.677037149
61.804171917	6.524285478	42.227453188
61.868013307	6.866210945	41.849329504
61.580522777	6.492720329	42.227941068
61.555553748	6.363881169	42.369969279
61.423851524	6.770796871	41.890422089
61.382801329	6.235037080	42.490699982
61.334671360	6.284861770	42.428088366
61.344985104	6.923804014	41.706370642
61.435931288	6.777670663	41.884251663
61.161526092	6.911055963	41.699110068
61.303607647	7.215064663	41.369796053
61.261161454	7.161641842	41.425642175
61.160279410	6.544946256	42.113204187
61.204159587	6.660272468	41.987984969
61.172487897	6.651763478	41.993939816
61.182876572	6.712960176	41.925916464
61.187911791	7.020702839	41.577584529
61.206098095	7.164027785	41.416645737
61.181995066	6.779527270	41.850463079
61.252695864	7.033893189	41.570002140
61.059342607	6.543995844	42.103149982
61.311988926	6.573384081	42.099432650
61.112747958	6.429292928	42.238227465
61.190532322	6.232647890	42.468596741
61.277522738	6.507166293	42.169924944
61.121894283	6.340029123	42.339752394
61.297491832	7.007281391	41.605601776
61.207105830	6.600626317	42.055765071
61.134240675	6.270254771	42.419646033
61.237905681	7.098337748	41.494996645
61.178760978	6.853143450	41.766692168
61.067283910	6.538684804	42.109980996
61.223407115	7.105610428	41.485064235
61.216727360	6.558837749	42.104123668
61.328982304	7.212713836	41.375545726
61.292271451	7.163831192	41.426818356
61.172073779	6.632271288	42.015925128
60.756707936	6.496444809	42.128724063
60.973555113	6.505992794	42.137199636
60.691649556	6.466981325	42.156852577
60.876049588	7.144223948	41.407418133
60.805658621	6.670694064	41.936748608
60.835151996	6.682553377	41.925805002
60.860453166	7.110138312	41.444804824
60.975440713	6.513695456	42.128713970
60.903271942	7.172530411	41.377533627
60.907076708	7.192203456	41.355526238
60.793115084	6.516096081	42.109574254
60.837728501	6.679683439	41.929252013
60.903167597	7.173007198	41.376984101
60.929276594	6.443263380	42.203471515
60.752604724	7.106612776	41.440825959
60.812116745	7.120654817	41.429181219
60.669607934	6.805631815	41.774955203
60.680462051	6.581844004	42.027227009
60.588119575	6.635302164	41.961273670
60.482692145	6.994687499	41.552127697
60.458126688	7.082605672	41.452167882
60.414595327	6.373013926	42.245278484
60.567456078	6.913675087	41.647332554
60.515569699	6.914661687	41.643628016
60.601461790	6.558732996	42.047934087
60.626188655	6.398884318	42.228513398
60.373443790	6.248445848	42.382013758
60.525547322	6.720610201	41.862092575
60.489702825	6.648906931	41.940658013
60.577539532	6.782407796	41.795507896
60.557295280	6.913616574	41.646868253
60.406393540	6.732283675	41.843583985
60.376458210	6.709039291	41.868469823
60.335495997	6.655474067	41.926932357
60.471018303	6.835254716	41.730818159
60.630055724	6.424795858	42.199783265
60.429579163	6.432564606	42.179589373
60.088478945	6.536457257	42.054226349
60.251421967	6.620221099	41.963828905
60.272550399	6.237535960	42.390070693
60.013187105	6.558553155	42.029336931
59.737819579	6.653007208	41.929218077
59.787750265	6.758006014	41.811604475
59.849534625	7.125337928	41.401790348
59.840585216	6.983842073	41.559540395
59.824001575	6.233419431	42.389401926
59.832714029	6.812159749	41.750370075
59.678867472	6.499284371	42.100602351
59.873077747	6.376406611	42.231446680
59.722557342	6.561589669	42.030535688
59.818890197	7.208074500	41.310622262
59.837395690	6.861613257	41.695391804
59.911390867	6.549802912	42.039532737
59.992966320	6.566447911	42.020596553
59.350448305	6.233463318	42.407849429
59.450892240	6.243346498	42.391028097
59.656196852	6.399902070	42.210589391
59.641719057	6.330339176	42.287389222
59.431636974	6.442165549	42.175332431
59.458627165	6.412415973	42.206186347
59.354298419	6.227193783	42.414404766
59.647911265	6.796840197	41.774015361
59.311059652	6.339939632	42.294933127
59.241508343	6.292835410	42.351430842
59.129915101	6.249766525	42.407687895
59.041606677	7.161717747	41.426876222
59.012302237	6.939738205	41.672785288
58.907665997	6.760457277	41.881158205
58.842140631	6.776790756	41.872710726
58.913582929	6.736801780	41.905943475
58.877372128	6.826120951	41.814334974
58.697853373	6.728543743	41.946779940
58.754704389	6.744361269	41.920778445
58.807304758	6.273086401	42.418869428
58.838255077	6.255020514	42.434170981
58.684824170	6.748036382	41.927963081
58.812644819	6.770486594	41.883840555
58.908698770	6.855760313	41.777841412
58.588225436	6.720997214	41.973329254
58.489503309	6.781924324	41.926229212
58.480163706	7.206636772	41.472998420
58.490483615	7.188420680	41.490464660
58.638688799	6.516489313	42.183481120
58.656654722	6.586549276	42.105674235
58.442364532	6.603236546	42.125519760
58.403658450	6.623779000	42.111147516
58.458889574	6.550327389	42.178635863
58.543342950	6.308093740	42.420933349
58.504600045	7.039761602	41.647311897
58.500527660	7.147927177	41.531958107
58.381838298	6.954592195	41.763471321
58.352557605	7.038353453	41.680333124
58.543612620	6.735436445	41.965842108
58.389442027	6.953471666	41.763071954
58.340922284	6.292853886	42.473138110
58.448006481	6.281057351	42.465902782
58.628791803	6.487895392	42.215611206
58.612832242	6.434264300	42.275390298
58.600371943	6.361346780	42.355041184
58.575739911	6.290517084	42.434282715
58.515706751	6.920479024	41.773041903
58.667389731	6.649463939	42.036560685
58.383910864	6.834474756	41.891081219
58.112758705	6.944761717	41.835190309
58.100966161	6.698645468	42.097453809
58.272458406	6.729438339	42.026110018
58.277741850	6.640471481	42.119101861
58.285849430	6.653618206	42.103482799
58.307315725	6.968937408	41.764237557
58.108907061	7.056425872	41.718042630
58.273372977	6.665565030	42.093498527
58.155572307	7.113490482	41.645972736
58.331407153	7.208183563	41.503524389
63.010692059	7.310452092	41.574018223
63.018746718	7.363905973	41.514654910
63.057599808	7.639069043	41.208056864
63.010784941	7.586343038	41.257555612
63.014632861	7.443146302	41.422831096
63.072430790	7.892056163	40.920593405
63.108827844	7.659560285	41.196750156
63.127138949	7.807412232	41.031182072
63.106341558	7.822234786	41.009111624
63.209402422	8.167788383	40.636185217
63.012586822	7.982738499	40.801836455
63.226324977	8.114175802	40.702192573
63.199905775	8.025357696	40.798022319
63.154215826	7.957231913	40.865305698
62.974232445	8.060786467	40.702751436
62.795733840	7.640935403	41.145247921
62.786705298	7.576785920	41.216973774
62.892696149	7.376588395	41.470877806
62.948116794	7.414799881	41.439824353
62.967204163	7.336202930	41.534370009
62.872048229	7.892260975	40.873268035
62.675229958	7.545866444	41.227808632
62.839703693	7.238791240	41.616747442
62.816618803	7.239069242	41.611220566
62.711113217	7.727044032	41.027283113
62.763575385	7.405048644	41.409038312
62.755581022	7.334116092	41.488629639
62.891893478	8.018430235	40.732367310
62.914414086	8.194344103	40.534519403
62.667317619	8.016987787	40.683388552
62.706410321	8.139161880	40.550904649
62.798057273	8.202438741	40.498355379
62.765582020	8.049661081	40.667489840
62.912659232	8.206748988	40.519778145
62.765415140	7.275219181	41.558337518
62.746676059	7.244634119	41.589221427
62.702482381	7.702904359	41.053166479
62.987108942	7.307373660	41.572036297
62.835887665	7.808383530	40.961624431
62.877640687	7.317916406	41.534703696
62.923025214	7.447524569	41.396476174
62.835690332	7.807591292	40.962491916
62.675203787	7.545767562	41.227916562
62.916417252	8.173298886	40.559297467
62.773276385	7.990581690	40.737405856
63.000372260	7.945093525	40.842330206
62.572711832	7.656881924	41.078009636
62.471759153	7.793608189	40.899363610
62.541944644	7.592516409	41.145533915
62.581096987	7.696516340	41.034179662
62.568406721	7.630234380	41.107754414
62.609432771	7.540810428	41.219357956
62.531730028	7.495995318	41.254335936
62.529995951	7.417516824	41.344107187
62.606367686	7.300915341	41.494110122
62.501530264	7.565305300	41.168343966
62.546597994	7.639866403	41.092048416
62.550921143	7.660098495	41.069681687
62.565306512	7.602795932	41.138658312
62.434264892	7.893461732	40.776529775
62.593351076	7.346297596	41.439273335
62.365357635	8.040468768	40.592914060
62.555341073	7.693331315	41.032367078
62.605921834	7.316317500	41.476352212
62.623308827	7.537393299	41.226273059
62.292346303	8.127950416	40.477419758
62.297295984	7.264005957	41.472915889
62.025784239	7.492494422	41.160056502
62.010356859	7.682192662	40.939309071
62.287686609	8.133199672	40.470444980
62.091429781	7.222251179	41.481758868
62.291421900	7.282589539	41.450462830
62.075759206	7.236127997	41.463014535
62.029999699	7.275518402	41.409668509
62.260362006	8.205651367	40.381385159
62.013756403	7.630258511	40.999636886
61.944683014	7.295516757	41.371833065
61.958917498	7.382367949	41.274741735
61.977100894	7.515682593	41.124903077
61.899996448	8.210114619	40.311770197
61.407123655	7.279206537	41.309473228
61.498002129	7.741326661	40.792181511
61.501126032	7.806639169	40.717573364
61.549704609	7.901172653	40.615396338
61.573710653	8.031704177	40.468388462
61.663453231	8.181592859	40.308158631
61.391728508	7.285929811	41.299831604
61.502446847	7.702396200	40.837466060
61.611688647	7.284413712	41.331585945
61.660673306	8.147193453	40.347460544
61.561294155	7.962143680	40.546803692
61.396489621	7.300613068	41.283672070
61.564755998	7.996307635	40.507936743
61.495217386	7.592250544	40.962853403
61.532382625	7.846818317	40.675566094
61.440956480	7.456513225	41.111179445
61.362583226	7.265644753	41.319318238
61.563303159	7.294199913	41.313442031
61.524599216	7.275460654	41.329436343
61.465588442	7.251202746	41.349110606
61.044421154	8.006460573	40.437951446
61.182251046	7.253859335	41.311741555
61.147124423	7.245022580	41.318055471
61.052272536	7.579555129	40.927250119
61.109748162	8.034105907	40.412074334
61.071398728	7.827090526	40.645931786
61.099868225	7.503753288	41.018306245
61.047745298	7.763375040	40.716729937
61.168607472	8.021105182	40.432640313
61.089759974	7.514930412	41.004566498
61.306088644	7.803861507	40.696695380
61.277618190	8.156891027	40.287783441
61.152591906	7.415590206	41.124225019
61.067859968	7.362635142	41.176124990
61.146529158	7.374301068	41.170690367
61.234996194	7.691920174	40.817093530
61.006076064	8.114269009	40.311028804
61.098520870	7.869057155	40.600355891
61.193295533	7.605604007	40.911421097
61.256108900	7.739617864	40.764755940
61.272572254	8.012310614	40.453556797
61.304443260	7.882953655	40.605723454
61.011067645	7.333314989	41.204192153
61.178189168	8.151275481	40.283966011
60.922841897	8.207897925	40.197201767
60.977205369	7.352923527	41.178853626
60.681804668	7.968750754	40.456649946
60.942014457	7.357370509	41.170777220
60.478760306	7.826534079	40.611000039
60.386368421	7.586967507	40.880533040
60.380299067	7.450518216	41.034732063
60.530677429	7.809287891	40.632208178
60.550469126	7.735727726	40.716564249
60.412259488	7.278602338	41.229689829
60.500740759	7.918467584	40.507025398
60.500154368	7.984838496	40.431418336
60.422093755	7.722184559	40.728079661
60.410134264	7.351989504	41.146797639
60.626850377	8.074866065	40.333011315
60.548421052	7.690597994	40.767780640
60.555602753	7.607123620	40.862864713
60.602908234	7.499325645	40.987250976
59.731780183	7.640736799	40.831413763
59.782856875	7.308786071	41.199760530
59.738918478	7.449858146	41.044417045
59.711558109	7.766189670	40.692124958
59.689196143	8.096741599	40.322500094
59.738437212	7.570389520	40.909747977
59.696090456	8.053836926	40.370254529
59.742873335	8.148283047	40.260675401
59.668635045	7.811059743	40.644690434
59.550959170	7.365987359	41.149596450
59.622639777	7.447159063	41.054314545
59.609626025	8.020131875	40.414756709
59.613318161	7.890279342	40.560034347
59.524785746	7.370928043	41.146071175
59.346338273	7.277630339	41.264785462
59.582328586	7.393728184	41.116522199
59.355495510	7.366613978	41.165603019
59.469807985	7.414640756	41.101995521
59.498814752	8.200651610	40.222355984
59.443757231	7.994250271	40.459074582
59.447293851	7.413368572	41.105342986
59.567557690	7.993285019	40.448410094
59.356072601	7.755971915	40.733915076
59.348887249	8.137009758	40.310099490
59.342521353	7.516005465	41.001608761
59.343549253	7.594483799	40.914536793
59.522711509	7.986694172	40.459811317
59.449560096	7.955289480	40.502012344
59.425954714	7.993163392	40.462142420
59.388172084	7.914549737	40.553904386
59.367589127	7.875587902	40.599564306
59.344754371	7.706933572	40.789626506
59.376554891	8.034168700	40.421738904
59.367929175	8.118354023	40.328702387
59.536442610	8.070083224	40.365132292
59.039020684	7.555911850	40.995100211
59.059907236	7.373893731	41.192086175
59.299212618	7.487098568	41.038184008
59.093996827	7.536366311	41.008899239
59.095673766	7.526388142	41.019654481
59.168280724	8.083000293	40.393864749
59.273363112	8.083637375	40.378979876
59.268375751	7.471078288	41.059282985
59.227548710	7.551856730	40.974754250
59.130725283	7.513134680	41.029577287
59.162477211	7.534168729	41.002299364
59.195679634	8.071765085	40.402521362
59.227611056	7.551775562	40.974836494
59.094026788	7.536397974	41.008860303
59.067028225	7.570231851	40.975359801
59.312531971	8.134569170	40.317244632
59.141247294	8.092531254	40.387164427
59.212123116	8.088986522	40.381109067
58.791210616	7.817655438	40.748502583
58.744745569	7.842175540	40.730406438
58.821901239	7.792367419	40.770622384
58.785625215	8.216322409	40.311309969
58.913702662	7.716363801	40.838169725
58.893076363	7.710216851	40.848359281
58.849956790	7.749133508	40.813057305
58.731088622	7.813939605	40.763947687
58.801852346	8.175385576	40.353246879
58.493151461	7.469754185	41.186678215
58.409639720	7.769828984	40.880907489
58.471120256	7.227303679	41.452652346
58.486476767	7.330838218	41.337987291
58.573834549	7.788439394	40.823788758
58.646418364	7.816112346	40.778426359
58.421649084	8.095092003	40.524872291
58.450646465	8.112056113	40.499330780
58.455886774	7.798472891	40.839084560
58.385873452	7.899028190	40.746624926
58.584878912	8.145721073	40.431282895
58.522973650	7.360511197	41.298387924
58.616713047	7.421363404	41.213730054
58.609628226	7.410922405	41.226432323
58.376237030	7.220662607	41.480141494
58.616634055	7.406836613	41.229487191
58.510037248	7.553107275	41.092921945
58.434771825	7.234707224	41.452363253
58.411581948	8.084094129	40.539317258
58.558540231	7.770392688	40.846710228
58.006487266	7.554790028	41.216403818
58.146492263	7.882505043	40.826673643
58.333811407	7.900399878	40.758007486
58.028416246	7.452555871	41.318998094
58.275046857	7.962467493	40.705903678
58.092206896	7.800277384	40.930065862
58.021126895	7.421873584	41.353612660
58.030940707	7.466760722	41.303198341
58.035352691	7.460602740	41.308528824
58.026120109	7.460009995	41.311709212
58.316709103	7.368877233	41.334790901
58.266841822	8.176665798	40.476097185
58.230949959	7.936372043	40.745727808
58.278170649	7.394609410	41.316351128
58.174413000	7.548677659	41.177320617
58.286084271	8.185784611	40.461031630
58.272497458	7.960019987	40.709216301
58.199545752	8.071041079	40.608807219
58.158660948	7.836117864	40.873203931
58.204335365	7.616819178	41.096551212
58.009393565	7.560410077	41.209600501
58.142556908	7.980329728	40.722501252
58.141379413	7.908193398	40.800464289
58.169498025	8.041580230	40.648946827
58.232475302	8.023848179	40.650836380
58.249560498	8.149982422	40.509704426
58.191202065	7.927787444	40.765679479
63.687210586	8.767414651	40.068078967
63.703624612	8.821479606	40.010123215
63.868388723	8.664561204	40.236019703
63.736154583	8.833031095	40.005642860
63.746188794	8.837913047	40.002746966
63.776992579	8.792988118	40.062992721
63.795253009	8.686611178	40.190614420
63.704552582	8.797914284	40.037575746
63.687596850	8.774366398	40.060160031
63.711387633	8.833193155	39.998711253
63.425588404	9.099440383	39.614039149
63.506039660	9.209941042	39.507383407
63.561584689	9.045330148	39.712968414
63.601630879	8.868521571	39.928231467
63.638781415	8.780783372	40.039580835
63.381873358	9.001209868	39.716397719
63.438936974	9.089758476	39.628788257
63.627388907	8.852901955	39.953211500
63.557642467	8.479624200	40.365521550
63.496968894	8.328473022	40.523905959
63.588064272	8.975912856	39.800414102
63.356441633	8.887135472	39.841931692
63.499295111	9.160736365	39.562599277
63.521276255	8.379621098	40.471284514
63.610517496	8.972726201	39.810154793
63.543623479	8.447409971	40.398982856
63.557616244	8.716035076	40.092660581
63.552782070	8.590425262	40.236410871
63.281610799	9.041193183	39.644051138
63.319118526	9.014926930	39.684183045
63.241612726	9.037121188	39.638529570
63.193960871	8.845714436	39.848426357
63.185067775	8.733969644	39.975678496
63.197278299	8.924098242	39.758382565
63.279814348	9.073137530	39.606533476
63.209007997	8.995412654	39.678628838
63.211408450	9.095941514	39.562577580
63.279452291	8.531048776	40.234252157
63.314562886	8.604819831	40.157880725
63.327132627	8.699778965	40.051258738
63.243461466	8.284885173	40.509550131
63.258276553	8.392335616	40.389199142
63.251198702	8.486353547	40.278789266
63.173886007	8.651354794	40.068558786
63.228608217	8.229020311	40.570315030
62.868079587	8.581041880	40.076266272
62.873560239	8.615196249	40.037956763
62.857766136	8.430430750	40.248322754
62.717395906	8.419728262	40.228792783
62.970748885	8.732331846	39.925103314
62.715442112	8.494536751	40.141697964
62.994530750	8.964928981	39.660896658
62.855252315	8.282746988	40.418610517
62.549955667	9.098805433	39.403610554
62.657998458	8.664957413	39.931340261
62.232234361	8.346697011	40.212772639
62.019885825	9.194270827	39.189650823
62.196316331	8.517369036	40.008222512
62.133296441	8.729989166	39.749832960
62.073530373	9.108268181	39.299183211
62.168180560	8.647702208	39.851779883
62.118635520	8.861859566	39.593945634
62.096691507	9.026842125	39.398095028
61.890707287	8.253156739	40.260489111
61.838541022	8.567431243	39.888269625
61.845755483	8.868168648	39.540389830
61.756762582	8.397639971	40.072259450
61.810321873	9.011034252	39.368798068
61.791988829	9.039888796	39.332434449
61.722307186	9.051766605	39.308257845
61.852084531	8.988286931	39.401756171
61.849438469	8.573572783	39.882876633
61.756648155	9.074247490	39.287155352
61.616975564	8.968863594	39.389821760
61.370043692	8.814647075	39.538155871
61.517580482	8.861496548	39.501445792
61.488300577	8.840838042	39.521745419
61.526596327	8.879027784	39.482247513
61.574448043	8.922596919	39.437872106
61.594259791	8.937036454	39.423733335
61.033298764	9.053039665	39.230495298
61.231221372	8.238419928	40.189004999
61.071753848	8.991171654	39.305086628
61.178451802	8.387975653	40.011421129
61.194890147	8.231072146	40.193791693
61.142740643	8.524564843	39.850533284
61.230697338	8.235977416	40.191764094
61.278873668	8.830586387	39.509898402
61.131975510	9.084543381	39.201821150
61.250255176	8.888798858	39.439574940
61.206056955	8.954692111	39.358955773
61.159895879	9.002706985	39.299102190
61.110469539	8.924217245	39.385761173
61.136476174	8.825465572	39.502281271
61.326703934	8.804052599	39.545665612
60.857252599	9.185994152	39.065388400
60.702540845	8.956057403	39.324185600
60.688501769	8.900132864	39.388161492
60.667796241	8.788000156	39.516605315
60.813445065	9.120041095	39.139497689
60.704740032	8.940685556	39.341998200
60.668100749	8.788151038	39.516442297
60.777995022	8.758950007	39.554665647
60.869677689	8.528110869	39.825569481
60.673977351	9.031255357	39.236433379
60.893781248	8.324865813	40.060855647
60.731713594	8.983234789	39.293952093
60.789239141	9.060544494	39.207141947
60.975351009	9.182652902	39.076269449
60.999423339	9.100617432	39.172951457
60.862691910	8.565650605	39.781928206
60.401731772	8.440755981	39.909251143
60.455971696	8.372001039	39.988539061
60.556454567	9.126905067	39.123160726
60.650276577	8.602364181	39.729499075
60.576229766	8.364509188	39.999912279
60.337758517	8.495021370	39.846940864
60.383259656	8.486920143	39.856329699
60.628179274	8.552978240	39.785458254
60.568082538	9.153597248	39.092575338
60.609611603	8.325964721	40.045142223
60.647767668	9.053131531	39.210380704
60.596753753	9.089085059	39.167582233
60.045198999	9.040618274	39.229678067
60.257892850	8.911352121	39.371005603
60.126713566	9.047887688	39.217983516
60.143552648	9.024113033	39.244639021
60.041385909	9.155617078	39.098201249
60.267102969	8.939424636	39.338661147
60.087011025	9.097298374	39.162925431
60.069141951	8.379188990	39.983163272
60.046250636	8.983505419	39.294964041
60.070333690	8.824915094	39.475201680
59.995602745	8.828518870	39.474397814
59.743180045	8.238390527	40.159058515
59.884799573	8.681257106	39.648211575
59.847413336	9.018580733	39.266625039
59.803518111	8.265968465	40.123928771
59.865732928	8.473223149	39.885558461
59.726664100	9.162505109	39.112486039
59.754133047	8.784535444	39.540072760
59.815617802	8.309700145	40.073747030
59.693778863	9.019738032	39.278045381
59.702417838	8.858246044	39.460749756
59.696502236	9.103141312	39.182905767
59.669269343	9.171991150	39.107185264
59.879227538	8.607286859	39.732608031
59.847242989	8.424900088	39.941430703
59.995700665	8.745905335	39.568604937
59.973067444	8.793949053	39.514957655
59.879126959	8.556699252	39.790059210
59.434015288	8.481123002	39.914412004
59.433639864	8.737988843	39.625237129
59.611874670	8.928297526	39.389918023
59.382504977	9.037003233	39.294280408
59.395918865	9.148147023	39.166712134
59.618310299	8.793493524	39.542063880
59.337476320	9.092229080	39.238205225
59.408335274	8.926838599	39.415304007
59.603627813	9.042833562	39.260798596
59.490296482	8.301040534	40.110546615
59.340993790	8.506180139	39.897712933
59.291178375	9.109590228	39.225452570
59.114063846	8.882439420	39.509664664
59.034386747	9.189713326	39.179120663
59.165806441	8.498730207	39.930867831
59.202431936	8.504129372	39.919295141
59.022123235	8.517732578	39.933208125
59.282429227	8.526326214	39.882961796
59.098858858	9.054388847	39.319294033
59.217028350	8.768420151	39.620902522
59.060650024	9.076161620	39.301746783
59.244674732	8.514220384	39.901837253
59.009486928	8.272108550	40.208493192
59.089565822	8.241425434	40.229523922
58.690938616	9.088287386	39.366140288
58.753167269	9.113048618	39.324011490
58.727590730	9.048528567	39.401784514
58.682783239	9.209696775	39.232921158
58.753007107	9.182126698	39.247004316
58.757433384	9.070162004	39.370837214
58.743369413	8.442717819	40.070123340
58.687014914	9.006634264	39.457872035
58.813346576	9.078338498	39.349206712
58.870007533	9.021450264	39.400546573
58.973282769	8.519304065	39.940131482
58.767066252	8.477486085	40.026717533
58.980406889	9.196916417	39.181537687
58.747064169	8.473616827	40.035200322
58.725129976	9.045132781	39.406134425
58.794309374	9.028686011	39.408789045
58.693305406	8.730408127	39.762878623
58.784527250	8.935619959	39.514624647
58.719068417	8.771234386	39.711817315
58.735746000	8.517173310	39.989463823
58.763156575	8.480531220	40.024167864
58.695164498	8.362724334	40.168664769
58.857925920	8.574772314	39.900398296
58.768073741	8.243258163	40.285126504
58.714411424	8.298322978	40.235514800
58.943858459	9.135570463	39.257657960
58.981049114	8.326525878	40.152976848
58.462375207	8.688878925	39.864845600
58.476877826	8.758999277	39.783922188
58.388659727	8.685839090	39.887676822
58.472826960	8.820212016	39.717543275
58.481483539	8.737635780	39.806255367
58.461432704	8.729987894	39.819871387
58.425139898	8.727168355	39.832523439
58.471888368	8.620722835	39.937321190
58.509397529	8.650035641	39.895582719
58.619185645	8.389047133	40.156498263
58.489055901	8.759850395	39.779837944
58.346529881	8.581576675	40.013337351
58.522435535	8.228534284	40.354986177
58.528635722	8.655124279	39.885175335
58.600176290	8.413757282	40.133670253
58.606007329	8.877275568	39.620819569
58.626972962	8.524730117	40.005309254
58.660830188	8.617957704	39.894662182
58.289944092	8.439064382	40.184476699
58.307019316	8.256465526	40.378640693
58.321905903	8.233246747	40.399939314
58.300113415	8.507997889	40.106484508
58.250850473	8.382966020	40.256406109
58.243425642	8.380312871	40.261369238
58.321746796	8.249746312	40.382034168
63.713030197	10.003385851	38.644094939
63.340642521	9.534453208	39.086630246
63.435879087	9.919459662	38.664362838
63.567857108	9.790842426	38.850138244
63.641465073	9.740170031	38.929450314
63.645745693	9.753016569	38.915736589
63.657715566	9.806222651	38.857333560
63.506350697	9.701765260	38.936705685
63.490516658	9.540782413	39.119380211
63.402140342	9.507679662	39.134065997
63.459826722	9.922097029	38.667825986
63.367226986	9.919892932	38.645289194
63.648915689	9.834811207	38.821674942
63.346441978	9.957376047	38.596064001
63.430128758	10.150704996	38.393593879
63.396988165	9.487449487	39.156195772
63.497047640	9.842520900	38.770565177
63.541407649	9.827456029	38.800284013
63.588625142	9.760258007	38.891417574
63.482935576	9.867976437	38.737098453
63.098353718	9.452949353	39.119049589
63.094280954	9.282833021	39.315945509
63.318041967	10.192687392	38.314250120
63.086114310	9.602491542	38.941852589
63.244093079	9.577217356	39.011616940
63.330457088	9.844635533	38.723069760
63.317888184	9.879827687	38.678749471
63.319589782	10.150094729	38.364318129
63.118265392	9.617482505	38.932493278
63.262156831	9.762457440	38.800711367
63.053314701	9.703757524	38.815637321
63.229802972	9.390025004	39.225641927
63.319439400	10.148834065	38.365747272
63.224405541	9.298408689	39.330742341
63.234355059	9.461157298	39.144104652
63.239659756	9.620216253	38.960428879
63.167483717	9.745182421	38.796278192
63.313818296	9.555424481	39.055180165
63.098328289	9.695990288	38.835992726
63.229838879	9.383524931	39.233207832
62.749038330	9.985063321	38.413935443
62.926956337	9.759929650	38.719028499
62.834227749	9.987003995	38.431645344
62.703148360	10.129661782	38.234293471
62.618774240	9.548608706	38.894273483
62.582542031	9.346382626	39.122220422
62.600229644	9.682620709	38.733749644
62.584723118	9.672419833	38.742268561
62.633656501	9.792158285	38.613183983
62.620364447	9.762059314	38.645400015
62.609239507	9.608757496	38.821971285
62.642363687	10.201367347	38.136613378
62.413697078	9.635983056	38.748613185
62.610086774	9.702538761	38.712655115
62.201073733	9.543265044	38.815148633
62.137647514	9.318988871	39.065138849
62.220513470	9.578906600	38.777187300
62.333690253	9.620927939	38.750050361
62.277332661	9.587139674	38.778454709
62.093918526	9.222967778	39.169190453
62.227094329	9.535580042	38.829029185
62.143359712	9.917520450	38.367013598
61.679956408	9.550067826	38.721730447
61.803998709	9.301799107	39.029319694
61.936102159	9.317504468	39.031929892
61.802237536	9.554006937	38.734901023
61.839330029	9.476800842	38.830681323
61.766106324	10.199789184	37.974427446
61.922775116	9.327141946	39.018511315
61.877680842	9.419009067	38.904119673
61.849845351	9.426579674	38.890905727
61.762954697	9.534707050	38.751557432
61.849843779	9.426924258	38.890503546
61.680165156	10.121462609	38.053961140
61.820696426	9.511310685	38.787541400
61.722337972	10.172499221	38.000092453
61.536571895	10.100518725	38.059833748
61.649491615	10.109607990	38.063672578
61.524444522	9.397238259	38.879419058
61.561851305	10.070347909	38.098252339
61.452187693	10.187590296	37.948060847
61.421275433	10.193008196	37.938296636
61.553251667	9.986793137	38.194897790
61.618365959	9.724232654	38.510064901
61.468838117	9.460673611	38.798777549
61.575283081	9.588000228	38.663456693
61.572285216	9.518668141	38.743937172
61.545005304	9.454237583	38.815576757
61.208168004	10.142615016	37.976510701
61.044846677	9.567646166	38.634076812
61.190252547	10.066929910	38.063403605
61.008822862	9.292464467	38.951201863
61.087022314	9.632598938	38.561581787
61.280707004	9.997532001	38.152490876
61.177241440	10.020301565	38.116764709
61.287675164	9.965420749	38.190650464
61.056560333	9.617577281	38.576832199
61.023993728	9.515102271	38.693711766
60.812694397	9.756497973	38.401545812
60.800150665	10.185354476	37.901987480
60.988335036	9.273963089	38.971273312
60.823509785	9.540786119	38.652519847
60.815548796	9.756844700	38.401260371
60.916954608	9.420610860	38.796726155
60.820404570	10.079719003	38.025798755
60.910662601	10.059078503	38.053852668
60.830520108	9.955633835	38.170675684
60.800150549	10.185353351	37.901988787
60.697639813	9.724469813	38.434823835
60.967853820	10.101621152	38.007308241
60.839948554	10.051230074	38.059762343
60.971255686	9.290910363	38.950495571
60.895827720	9.469336479	38.739006997
60.720625718	9.713769856	38.447900797
60.634507420	9.887875394	38.243717850
60.568265814	9.979219545	38.136821417
60.372513555	9.633052225	38.538417355
60.432546240	9.455871579	38.742617207
60.415336351	10.087398058	38.011724690
60.448319180	9.286344609	38.938261134
60.428853597	9.474667335	38.720922386
60.360809808	10.087206513	38.012900030
60.484108726	9.229765852	39.003663636
60.465254279	9.259855130	38.968859232
60.166795707	9.728303666	38.434118366
60.200951269	9.792347163	38.358836012
60.181620624	10.205281117	37.882209213
60.206632007	10.086392735	38.018711355
60.251011631	9.896798402	38.236355141
60.235774147	9.889278697	38.245570426
60.035508081	9.580261158	38.611148830
60.133081104	9.772563575	38.384576443
60.045650967	9.632044264	38.551007716
60.290064051	9.681313388	38.484233213
60.224432605	9.623608093	38.552721149
60.044920051	10.058541152	38.059484521
60.177854363	10.179694177	37.912010306
60.052314802	9.680909730	38.494392152
60.213760180	9.373953206	38.840674147
60.329314969	9.652639674	38.516487867
60.122570894	9.446884323	38.760131778
59.740093030	9.595421204	38.616777986
59.907774154	9.525925553	38.681943530
59.839898747	9.576554736	38.629259767
59.702936700	9.804782654	38.380827719
59.886356385	9.922597419	38.227919237
59.929589348	9.950552363	38.192225745
59.952023405	9.994491676	38.139873288
59.902555591	9.883501065	38.271564004
59.969308408	9.973429695	38.162855720
59.905938981	9.906744436	38.244544440
59.951447364	9.969810798	38.168356646
59.749787280	9.878905835	38.290881444
59.719724416	9.847406708	38.330162314
59.752074752	9.995184252	38.157123148
59.932808508	9.831884682	38.328574503
59.899079177	9.373019851	38.857832610
59.847666760	9.495920203	38.721018713
59.712686187	9.614556313	38.597640873
59.908303091	9.526199102	38.681590644
59.764844416	9.966857154	38.188346954
59.750786703	10.012104948	38.137817189
59.972746472	10.005571354	38.125554407
59.869274274	9.402290949	38.826538580
59.949519230	9.339151995	38.893169595
59.982939055	9.307700098	38.927129795
59.749822643	9.878932798	38.290846867
59.509414329	9.881950194	38.316251271
59.517819456	10.099592543	38.066059879
59.577670713	10.194664657	37.948851673
59.553920082	10.103084240	38.057073508
59.403731662	10.135479214	38.042055893
59.421762961	10.118667371	38.058450569
59.465075609	10.089563052	38.085164967
59.493925552	10.021253593	38.159122721
59.625645429	9.468849514	38.773489984
59.387042039	9.246320359	39.056762355
59.665186865	9.653696029	38.557930311
59.629802611	9.557622937	38.671690226
59.603210213	9.792533566	38.406323905
59.363374098	10.137961065	38.045736087
59.622807527	9.698912564	38.511048852
59.535786452	10.080076180	38.085913551
59.556664211	9.272764545	39.004780681
59.412493879	9.322950342	38.966306931
59.047671136	10.015509592	38.244154590
59.109092014	9.917350431	38.342986919
59.021698342	9.970645843	38.300484210
59.046967098	10.123055066	38.122275337
59.097956249	10.207284082	38.015897689
59.221544478	9.632298409	38.645360954
59.136520897	9.660520617	38.628763363
59.145376759	9.737929977	38.539420997
59.173546431	9.643276989	38.641458345
59.201535368	9.624349645	38.657885164
59.175869621	9.764401535	38.503734344
59.117704237	9.720386560	38.564548995
59.074905010	9.686991880	38.610665292
59.212699218	9.570432797	38.717016434
59.154696713	9.637796869	38.651112747
59.092137043	9.645422656	38.654306006
59.094017712	9.714236690	38.576092654
59.062853406	9.752627312	38.538819742
59.105918799	9.749383542	38.533987453
59.268724798	9.554926129	38.725080393
59.288082697	9.892042762	38.338803066
59.250523012	10.167686929	38.031365330
59.266565741	10.165619701	38.030820472
59.279333823	9.736304702	38.517410426
59.199936025	9.584727083	38.703059688
59.312472788	9.420580070	38.870360807
59.114692805	9.428536517	38.895073035
59.130281109	9.520088415	38.788780951
59.290505327	9.794645646	38.449210678
58.865455146	9.419158660	38.956282531
58.999626735	10.028930606	38.239186306
58.895128659	9.289368397	39.095408282
58.968237242	9.557991025	38.778002100
58.980779306	9.247072096	39.125157506
58.725421125	9.233764053	39.195855204
58.963583478	9.475947479	38.871361466
64.502215373	10.898256803	37.848224679
64.450072650	11.180867238	37.505597635
64.498011925	10.893795979	37.852019840
64.372627427	11.193061938	37.466497162
64.254524098	10.632065008	38.077273781
64.281550685	10.575460735	38.151077044
64.105840347	10.534347852	38.144494548
64.298162308	10.491174475	38.253578691
64.275385486	10.581063507	38.142689784
64.299583581	10.511640361	38.230385440
64.096697166	10.523933603	38.153761621
64.229186312	10.877126349	37.786011203
64.241550224	11.066767364	37.570552512
64.258747325	11.198087484	37.424131931
64.049275442	10.443982556	38.231947446
64.239325341	10.676473181	38.021214206
64.256311341	10.625778469	38.085094939
63.856326988	10.227660224	38.425240878
63.968222024	10.222014824	38.464808103
63.778969656	10.217782912	38.414135495
63.337210601	11.092479407	37.269309690
63.435716007	10.392002211	38.114008855
63.430926744	10.515783049	37.968393769
63.414446727	10.451936523	38.038265550
63.447208323	10.426640491	38.076825698
63.403964622	10.450354757	38.037217141
63.444810315	10.921981352	37.498519603
63.423865172	10.930852183	37.482261569
63.437893695	10.672188628	37.787956239
63.434544407	10.824957504	37.608821831
63.414054679	10.799899478	37.632313114
63.439676925	10.623783959	37.844902573
63.394371131	11.070833847	37.310574352
63.509489876	10.846575533	37.604829200
63.445764440	10.918412534	37.502952973
63.324546270	10.306752599	38.182999013
63.037641525	10.282921401	38.135746239
63.183619398	11.189847210	37.113438483
63.218376966	10.306131154	38.155367382
63.321823994	10.264908850	38.231060425
63.298458504	10.491754050	37.960120382
63.314939507	10.433294131	38.032794665
63.066539882	10.291683677	38.132842691
63.226234388	11.039648877	37.300579475
63.207771111	11.095798214	37.229938766
63.284548807	11.079576934	37.269823480
62.950978512	10.775681466	37.537611720
62.962875938	10.835806286	37.470213294
62.859042792	11.211865649	37.003808975
62.942469934	10.664721998	37.665364720
62.957575185	10.997217044	37.279883595
62.824654430	10.553848700	37.766339857
62.980103183	10.557937947	37.799720699
62.943787625	10.495126330	37.864138339
62.844411581	10.541010884	37.786123561
62.957417127	10.587368635	37.759611374
62.938878846	11.091781933	37.164413169
62.522274544	10.375031772	37.906813457
62.430651053	11.092698172	37.045519231
62.446870038	10.398185431	37.863643901
62.478324841	10.389477366	37.880482791
62.365859647	10.559948799	37.657288015
62.494689009	10.381821240	37.892937156
62.399876254	10.424876649	37.822602361
62.447496000	11.125044503	37.011101527
62.192304046	10.450558053	37.751675492
62.265347002	10.703826571	37.468520758
62.163170359	10.617901047	37.549966872
62.326964780	10.712760779	37.470192549
62.020569713	10.821030332	37.286152575
62.210402963	10.375896883	37.842615847
62.186719586	10.258685454	37.975542489
62.046266674	10.732517315	37.394496180
62.131872481	10.570943367	37.599321663
62.219480651	10.653751104	37.518459949
61.758757606	10.709056564	37.376282923
61.787808773	10.844422153	37.221615424
61.768405363	10.360902680	37.786002663
61.789499684	10.455811651	37.677842345
61.704261351	10.897837900	37.146984569
61.893257185	10.885886284	37.189024479
61.724406671	10.829437279	37.230096118
61.998324684	10.884782685	37.207508235
61.794478204	10.595319367	37.514959728
61.838242712	10.880452343	37.186861600
61.653082592	11.190316114	36.796525229
61.568107190	11.046077638	36.955164272
61.398342135	11.145165481	36.819707049
61.477385719	11.041684178	36.949685559
61.579840831	11.198442992	36.777628229
61.006557447	10.480379654	37.567284498
61.039186952	10.438849182	37.617807320
61.302849724	10.263111866	37.844185229
61.159061196	10.390458482	37.682802024
61.028221169	10.577828194	37.454621966
61.190823807	10.414351474	37.657376976
61.140082853	10.439173905	37.624376465
60.783849722	10.654152283	37.354509420
60.783481428	10.699358618	37.301687776
60.728833738	10.821427862	37.157746230
60.869246909	10.698180432	37.305955642
60.883161024	10.684752828	37.322213526
60.949565997	10.642389755	37.374774632
60.788328060	11.075113355	36.862422576
60.681483500	11.214721811	36.697158902
60.920294459	10.697764496	37.308613746
60.697031891	10.357681128	37.698315821
60.760005583	10.248313597	37.827328122
60.680110758	10.370268451	37.683325881
60.826167086	11.215230860	36.699416172
60.964533258	10.660048085	37.354883640
60.715966914	11.208910055	36.704383128
60.420923238	10.498607811	37.533914429
60.558719799	11.182309759	36.734864672
60.414199901	11.190134808	36.728166735
60.591281103	11.139857416	36.784344200
60.454115125	11.189651829	36.727760683
60.636902944	10.598370699	37.416798996
60.465767881	10.502105578	37.529162104
60.584853161	10.565811572	37.454425817
60.624632482	10.490451016	37.542510294
60.201176364	10.364885200	37.696364876
60.129623647	10.796172856	37.199791217
60.087935164	10.863486988	37.124383094
60.022429836	11.067357443	36.892565805
60.114949200	10.296985861	37.779546352
60.122290917	10.274330665	37.805351072
60.063148927	10.301995037	37.776942657
60.093290034	10.836385117	37.155485276
60.087376164	10.876637025	37.109149669
60.010930564	10.946009838	37.034434946
60.124063992	10.828600422	37.162478124
60.056707815	10.862609842	37.127658804
60.001993203	10.922652271	37.062287078
60.107863585	10.848120616	37.140866249
60.045107796	10.880382128	37.107902964
60.096125416	10.891815854	37.090908243
60.056812409	10.879625326	37.107896244
60.032565252	10.891575652	37.095881219
60.116477318	10.858621554	37.128096327
60.277328561	10.647906470	37.364473692
60.052546697	10.278163954	37.805206606
60.104637421	10.289634097	37.788660620
60.143537580	10.249050642	37.833448578
60.020832570	10.261688960	37.826430167
60.057428658	11.118840558	36.829925564
60.141248982	11.176967313	36.756254401
60.050898406	11.135705385	36.810832465
60.295096353	11.170679870	36.755093772
60.046061707	11.057414441	36.902212337
60.171780133	11.030256084	36.925063192
60.254105284	11.099755374	36.839656712
60.080071833	10.284278098	37.796356693
60.104747813	10.875560347	37.109201506
60.138640983	10.811783673	37.181093798
60.061277301	10.904878565	37.078240006
60.065573149	10.857212100	37.133270575
59.820369497	11.166964977	36.796821016
59.807946171	10.283205619	37.819927216
59.817828737	10.338795582	37.754837898
59.828426966	10.408521210	37.673334252
59.846548648	10.223656956	37.884767227
59.735921702	10.300774087	37.807399070
59.726455293	10.313246069	37.794111414
59.896873470	10.275705331	37.820116486
59.894915643	10.248735572	37.851408903
59.899012259	10.286314027	37.807684110
59.930229979	10.343533586	37.738909780
59.977637116	10.324050466	37.757561373
59.896753735	10.769744841	37.249021585
59.936684057	10.898324397	37.096259468
59.817722841	10.824270540	37.194046700
59.806333379	10.806274362	37.216118836
59.949919772	10.948740545	37.036573184
59.823415953	10.650399332	37.394506328
59.937804726	10.646703994	37.387669210
59.967865728	10.699274370	37.324176814
59.923367530	11.148463141	36.807334795
59.945837811	11.122258738	36.835587013
59.892421966	11.191005458	36.761080876
59.930073411	10.966111068	37.018273842
59.930365457	10.980105483	37.002015089
59.682408189	10.664412616	37.394710837
59.742871050	10.914467953	37.098364484
59.877574676	11.089624279	36.880251778
59.912004662	11.085981481	36.880971978
59.674903179	10.892585234	37.132286652
59.799326532	10.250206044	37.858831897
59.887796050	10.793821808	37.222016056
59.713565158	10.828214475	37.201685610
59.959403221	10.803396401	37.204253315
59.837383259	10.774195324	37.249872777
59.906850000	10.607258806	37.436123159
59.930323550	10.730700601	37.291083658
59.846908854	10.407991391	37.672107411
59.801393560	10.369308116	37.721338574
59.928926263	10.699647368	37.327170719
59.872145325	10.821634795	37.191372262
59.868081679	10.757476771	37.266053154
59.908919722	10.826821483	37.181745028
59.993582967	10.909763264	37.077950161
59.683327353	10.362869668	37.742062045
59.690796802	10.320205772	37.790264021
59.786813030	10.243191406	37.868203363
59.749644948	10.250738340	37.863482111
59.878873379	10.298033305	37.795974163
59.847535128	10.271052293	37.830031588
59.811620106	10.226306645	37.885121729
59.962884613	10.332313945	37.749176976
59.963026196	11.060727536	36.905423891
59.979023601	10.975239064	37.003221657
59.968007940	11.017352001	36.955322070
59.973219650	10.655771817	37.374116627
59.789260640	10.797759246	37.227877412
59.760857262	10.776697971	37.255493718
59.827582019	10.777877573	37.246654580
59.805732856	10.691449989	37.348954991
59.826269396	10.678183644	37.362087571
59.851719896	10.686229137	37.350142223
59.742964326	10.838521199	37.186162897
59.775674252	10.850573822	37.168355466
59.791045224	10.887288704	37.124113347
59.741294528	10.941609637	37.067166284
59.776347678	10.810717198	37.214368172
59.706788032	10.831458350	37.198788645
59.897471551	10.777522991	37.239945628
59.900486059	10.626761776	37.414154241
59.958007804	10.859901744	37.138870872
59.951491933	10.775484580	37.237300179
59.937199029	10.722353842	37.300127986
59.974193722	10.920500922	37.067159454
59.919771273	10.632130242	37.406158856
59.909531961	10.769384543	37.248215659
59.946268532	10.681789197	37.346298774
59.894756091	10.677719069	37.355737319
59.910747415	10.735894781	37.286881406
59.961581629	10.735022728	37.283299632
59.842105370	10.796425852	37.223652074
59.829812396	10.766546870	37.259524114
59.861306692	10.751402337	37.273768408
59.972081259	10.764949479	37.247716071
59.820992236	10.837594230	37.178272820
59.872533931	10.799362216	37.217120456
59.923320917	10.779471926	37.235238183
59.826078374	10.809527844	37.210197918
59.946025013	10.714141897	37.308851369
59.898363457	10.802022252	37.211487658
59.927332974	10.740945240	37.279492219
59.934204230	10.778372812	37.235509263
59.921038144	10.675278968	37.356102411
59.897513048	10.756292640	37.264523992
59.870647205	10.847168075	37.161957534
59.935426777	10.681395857	37.347717083
59.819170563	10.875212506	37.134936101
59.914816653	10.846811048	37.158021890
59.925016095	10.851050326	37.152145839
59.846172705	10.437353653	37.638284729
59.854557229	10.495993359	37.569740728
59.959749675	10.477697852	37.581352652
59.907640405	10.472236980	37.592179297
59.711687036	10.872330016	37.150945755
59.629072369	11.219026517	36.761264599
59.466841363	10.967231851	37.077070620
59.438848608	11.104497917	36.923616499
59.493028315	11.158368206	36.852367954
59.514164236	11.159590918	36.847512534
59.616964557	10.451070106	37.648994142
59.561324182	10.466081176	37.639358663
59.546836560	10.488349835	37.615826002
59.378652964	10.724634526	37.371087894
59.381201187	10.686430264	37.414513124
59.559838480	10.578967239	37.509736548
59.421845438	10.592871602	37.515056622
59.618761949	10.404571697	37.702247024
59.420265201	10.686848113	37.407389024
59.620529761	10.218214058	37.916209454
59.491401172	10.310595198	37.828050145
59.593963702	10.745505487	37.313076867
59.538762800	10.740822562	37.326520922
59.511636053	10.680957511	37.399539389
59.383659133	10.478612163	37.652502177
59.547304473	10.247006135	37.892939837
59.566725293	10.224669588	37.915897085
59.403509080	10.670643873	37.428820472
59.335570654	10.666982053	37.444880752
59.456008543	10.697820090	37.388901279
59.478257426	10.687324269	37.397409551
59.654539631	10.997992846	37.013235723
59.638931207	10.932845836	37.090641603
59.637330773	10.697605877	37.362314297
59.627335821	10.948620467	37.074037943
59.450311292	11.137666611	36.883413171
59.424289096	11.017811533	37.026000852
59.660375020	10.956274699	37.060647469
59.358593985	10.413564225	37.731284722
59.588251195	10.395302475	37.716989583
59.570855935	10.256929199	37.878309884
59.417722895	10.496774512	37.626016133
59.430702760	10.482229705	37.640591466
59.335898213	10.418781523	37.729233242
59.657632701	10.685505648	37.373575708
59.653275006	10.807071154	37.233900317
59.598094950	10.748649979	37.308868280
59.413360947	10.689617483	37.405364982
59.343945512	10.720950113	37.381456645
59.346899599	10.844465701	37.239099830
59.457714786	10.800983557	37.269974527
59.667227696	10.633142056	37.432713343
59.633334569	11.026744548	36.982953348
59.603627914	10.615393758	37.461637883
59.583301823	11.108956642	36.895232815
59.266543801	11.017527096	37.055530447
59.035059801	10.948277504	37.184688155
59.237450171	10.440842834	37.721951122
59.263352051	11.136786442	36.919127712
59.037755794	10.942307210	37.190886696
59.155594675	10.936931441	37.170783718
59.213137164	10.946888956	37.147344857
59.306091248	10.458943167	37.688547915
59.293672179	10.420938637	37.734274170
59.310652797	10.428038743	37.723096902
59.123379873	10.256300963	37.954911007
59.119110105	10.221465958	37.995430101
59.253654379	10.908978848	37.182694102
59.101738415	10.424472167	37.767830963
59.109424743	10.411691442	37.780783764
59.183975238	11.198463918	36.864715944
59.317333429	10.364483809	37.794622099
59.332057977	10.423520336	37.724480423
59.234283876	10.312585884	37.869044456
59.233072668	11.006728834	37.074625532
65.409852911	12.192313833	36.672355266
65.455905327	12.212355281	36.665678980
65.339511563	12.197895609	36.641469579
65.364275137	12.189923724	36.659171044
65.087076686	12.078387322	36.689595250
65.183842301	12.112691795	36.684126000
65.311069135	12.164222833	36.669812147
65.046937066	12.113921004	36.635059043
65.045199802	12.169424224	36.571052302
65.122334647	12.154087572	36.615486096
65.159343448	12.115462270	36.672437526
65.220615004	12.051113704	36.767056921
65.239536130	12.113014260	36.703146187
64.944487808	12.194346668	36.507401596
64.965258492	12.062829106	36.665094431
64.861431998	11.234056902	37.579152278
64.958431249	12.181498058	36.526966622
64.871367453	11.623200679	37.136406679
64.913275456	11.808591617	36.938224920
64.850788299	11.232349203	37.577596337
64.485512486	11.478412393	37.174008541
64.493685382	12.029005608	36.541969147
64.395556599	11.389823908	37.246732965
64.461734307	11.548398716	37.085451165
64.381999245	11.396716294	37.234355134
64.507106762	11.944353055	36.644073350
64.469746629	11.748608167	36.857194982
64.138080379	11.881519927	36.594028023
64.133322572	11.675799768	36.830806480
64.225749975	11.228829561	37.378029661
64.109253388	11.574645480	36.940278173
64.110245783	11.343262112	37.208757119
64.307172819	11.223250358	37.410553999
64.090739395	11.426100053	37.106548744
64.189310156	11.226954384	37.368591364
64.000078783	11.475798043	37.020213772
63.730183340	11.786603758	36.574885495
63.988168427	11.609856376	36.860863423
63.796925177	11.480734244	36.951293907
63.920569840	11.426093889	37.053018832
63.772230693	11.472282372	36.953569281
63.776005876	11.730104663	36.654751244
63.813578414	11.867344312	36.506789695
63.919006677	11.580172413	36.873550054
63.810046195	11.548695947	36.876277879
63.730192668	11.786620624	36.574868730
63.445226730	11.679723582	36.614243083
63.387214555	11.905569972	36.333731926
63.344059410	12.021211572	36.186213534
63.430142779	11.753654175	36.523556798
63.657844945	12.155260522	36.123419041
63.003916448	11.683415135	36.487997235
63.150140315	11.785163649	36.407872073
63.047606991	11.598273318	36.599174654
63.071138989	11.438888799	36.792006230
63.038071881	11.675502061	36.506220959
63.051684881	11.666826283	36.519973218
63.294622182	11.823905270	36.402663185
63.060956230	11.453650011	36.772039348
63.101009823	11.399688156	36.845805436
63.152837276	11.237389139	37.049556629
62.841585415	11.302638030	36.893104207
62.744872330	11.328178485	36.839735078
62.940222688	11.823810644	36.307000941
62.899008954	11.861855640	36.251871777
62.879342413	11.830880778	36.283199063
62.768688493	11.819164229	36.269502306
62.699576948	11.793346130	36.283181039
62.712136276	11.358758671	36.796099089
62.853996087	11.803855334	36.308513037
62.965131333	11.764094829	36.383399791
62.806882143	11.330742797	36.851663507
62.811854862	11.360056300	36.818501942
62.607205766	11.648777173	36.431350805
62.637714729	11.909503743	36.132306863
62.615465668	11.592012163	36.499881385
62.513783312	11.279179704	36.844407238
62.592419736	11.461018295	36.648415359
62.663754472	11.867185106	36.188065925
62.390805940	11.454719422	36.611989994
62.465312916	11.353466852	36.746675690
62.358335944	11.471974419	36.585005647
62.590250935	11.784279319	36.268391747
62.638986802	12.028542257	35.992873049
62.498284496	11.222449620	36.907637344
62.440202009	11.411551738	36.673091603
62.617597339	11.843590800	36.205023734
62.581149123	11.402081715	36.715060560
62.042882437	11.694440006	36.263525593
62.187048927	11.754647714	36.218947621
62.238262542	11.769520580	36.211291740
62.114579580	11.678904156	36.294560162
62.331021144	11.576874087	36.456166431
62.317746405	11.637833075	36.381839025
62.083553779	12.074115126	35.824196915
62.088283987	11.654238806	36.318820391
61.843140261	11.818329386	36.085120633
61.882018662	12.029461728	35.842780174
61.811923225	11.915027836	35.966655340
61.931427348	11.850168310	36.061589182
61.909541037	11.779358330	36.141348637
61.853848152	11.746917358	36.170762582
61.768509011	11.484488590	36.466669346
61.772940450	11.935468098	35.936876732
61.851721301	11.874287199	36.020611147
61.773109762	11.629036559	36.297348604
61.699369479	11.233767302	36.751683628
61.724978183	11.378898377	36.584633562
61.971544138	11.944436993	35.957316049
61.878262572	12.111217127	35.746014620
61.548056194	12.075907551	35.742058252
61.494100139	12.117651138	35.686758556
61.342493170	11.927470283	35.894929395
61.420483251	12.134730417	35.658800221
61.665851044	12.017823349	35.825146898
61.328356704	11.263109148	36.674356684
61.051954434	12.065871111	35.710763217
61.171935051	12.162894773	35.604220408
61.106199523	12.019829370	35.768023799
61.268643723	11.319237723	36.603091011
61.302247682	11.795967499	36.045886757
61.106809066	12.024334258	35.762767917
61.198696016	11.508547559	36.375097982
61.036705505	11.372410907	36.524178847
61.097248853	11.357927402	36.544812998
61.150294736	11.364959263	36.540136687
61.222295093	11.333713119	36.582249484
60.687403112	11.832378815	35.973782374
60.770502003	11.755240174	36.065205347
60.876471373	11.453625067	36.421654716
60.816221611	11.345218503	36.546860714
60.927788175	11.513233721	36.353682829
60.936769473	11.667457485	36.173104393
60.807641176	11.708446084	36.120847677
60.439928253	11.240811084	36.668340811
60.470934737	11.237809048	36.671170982
60.394175640	11.539439521	36.320782409
60.612649031	11.277775818	36.623057547
60.405597339	11.486905014	36.381803473
60.491975501	12.079758175	35.685712351
60.530024170	12.073648443	35.692047076
60.082346725	11.420875598	36.476535756
60.198274735	11.890972022	35.919854937
60.181768154	11.575021182	36.289733208
60.328903707	11.268629704	36.639431002
60.198881945	12.009603241	35.781237078
60.314300812	12.022937186	35.758850127
60.276482355	12.133351290	35.631749343
60.186517930	12.011086644	35.780351354
59.945582394	11.407018453	36.504761556
59.919915385	11.532193705	36.361811445
59.780908857	11.788354027	36.080232717
59.723218719	11.785445252	36.091343427
59.668587329	11.786216808	36.098252373
59.872806233	11.793429108	36.063089124
59.875296153	11.236132933	36.710506575
59.865347088	11.300985384	36.636301988
59.930076293	11.988466423	35.829577161
59.948005702	11.336297962	36.586735628
59.827128567	11.715608170	36.159002328
59.745437124	11.810509841	36.059183202
59.870382824	11.656554492	36.222586762
59.675779209	11.315950283	36.642467875
59.932492052	11.905875542	35.925534284
59.587320087	11.614261834	36.310029383
59.401772894	11.697890577	36.245335204
59.514463955	11.656997668	36.272456805
59.644343254	11.685434580	36.218778881
59.608793603	11.616726883	36.303828699
59.386459492	11.313904674	36.691528047
59.612083160	11.675623699	36.235057858
59.393866885	11.318190270	36.685225560
59.664759640	11.694994512	36.204668757
59.539418372	11.579300951	36.358223956
59.463373305	11.321884605	36.668617750
59.595213418	11.315611907	36.654546130
59.478992650	11.647822935	36.289191993
59.480763824	11.659800999	36.275023445
59.617250933	11.599835128	36.322107666
59.429570059	11.346856586	36.645707574
59.363502797	11.281092785	36.733617477
59.653211703	11.862737837	36.011722356
59.637183102	11.313111507	36.651226348
59.141034357	11.630357337	36.377726617
59.125616336	11.441617986	36.598300357
59.119254839	11.396481665	36.651611183
59.305211420	11.245726425	36.785517300
59.297861728	11.668462086	36.299754852
59.313142858	11.233448365	36.798104394
59.101073946	11.276687029	36.793299542
59.194883066	11.677320661	36.311499573
59.325820523	11.254784369	36.771084536
58.973028649	11.500109362	36.568008672
58.988483075	11.540292336	36.518006672
58.945411992	11.470314640	36.609239052
68.047614804	13.174891988	36.408929083
68.018854510	13.182815294	36.393680008
67.950011025	13.137079700	36.425678009
67.964424752	13.167825602	36.396473862
67.877127276	12.978121653	36.577242022
67.889653642	13.022249567	36.533245894
66.358686414	13.006903652	36.088490888
66.442358694	13.150922261	35.957599577
66.565747549	13.192255099	35.954168388
66.077935163	13.043079224	35.949897892
66.154431757	13.046015061	35.973704086
66.319643960	13.099731298	35.971850272
66.319998320	13.096822113	35.975206213
66.202555744	13.021055791	36.018459877
66.056580219	12.765840884	36.252320838
66.038167235	12.954262700	36.035081099
66.268832841	13.170635037	35.875232059
65.860629383	13.183934201	35.714019268
65.912293687	13.154968793	35.765258831
65.875028317	12.493326010	36.494602397
65.856497755	12.421099240	36.569351255
65.985646432	12.547344475	36.472334528
65.961677386	12.472353795	36.548140074
65.840642165	13.199059660	35.689764173
65.932532346	13.091367131	35.843847239
65.971660658	12.895923936	36.076815755
65.893774271	12.395803895	36.610657238
65.805876190	12.491659134	36.472389265
65.756058792	12.415582559	36.540670456
65.516924247	12.272271392	36.619085811
65.577987305	12.391409995	36.505664046
65.448672071	12.309773692	36.552708987
65.604462100	12.362383037	36.547754632
65.496187373	12.244477086	36.643325251
65.495249675	12.341067293	36.533592577
65.434634972	12.442952286	36.396781872
65.406113625	12.546727934	36.268987228
65.394223046	12.512004218	36.304139448
65.484049711	12.441089675	36.416362803
65.324745794	12.964449950	35.765794034
65.250585400	12.790364253	35.936503880
65.305255091	13.195639484	35.496399147
65.055616643	12.260761977	36.470383219
65.271735746	12.825785325	35.903917074
65.271607534	12.677966454	36.071836508
65.322729644	12.667860014	36.101694262
64.808622245	12.953144164	35.590644745
64.910570455	12.388485526	36.273350105
64.931496763	12.289067605	36.394475138
64.877844746	13.137539430	35.404953550
64.874599983	13.209107180	35.322000820
64.690178685	12.759222546	35.770394045
64.846481396	13.020586648	35.527205205
64.934711051	13.150720899	35.410745417
64.583597086	12.247913672	36.320605512
64.486683826	13.194771135	35.197517787
64.626595588	12.298102253	36.277737113
64.443002464	12.338898884	36.167470763
64.399708198	12.343109645	36.147796836
64.466330950	12.922646406	35.503210272
64.457696973	12.700387490	35.756031581
64.244478181	12.380619952	36.051765412
62.062532066	12.237767178	35.627985209
61.374923388	12.714701008	34.972180879
61.506914644	12.513345567	35.222734291
61.556538641	12.497811971	35.246749243
61.413849012	12.515324436	35.210474469
61.422832974	12.381637800	35.368625561
61.421248993	12.383241622	35.366577508
61.370073904	12.220375497	35.553078410
61.271979067	12.468698399	35.252306288
61.255634005	12.512513814	35.199456597
61.230564226	12.664175225	35.019174925
61.172926037	12.752027234	34.911720920
61.262145520	12.824824012	34.832784430
61.323625976	12.747173187	34.929274812
61.319323725	12.264643713	35.496326314
61.260360316	12.335661611	35.407791042
61.071236367	12.582796225	35.104351806
61.161324933	12.447382531	35.269055814
61.235034819	12.718094227	34.956126770
61.217665512	12.225799827	35.533609564
61.316704518	12.268170115	35.491946345
60.700273455	12.392307916	35.317109203
60.758171638	12.381480012	35.330270469
60.806525255	12.306113920	35.419496322
60.897168443	12.297458252	35.431998345
60.453018049	12.489497387	35.206815175
60.363538850	12.436596386	35.272366485
60.420787006	12.415493687	35.294663002
60.074573851	12.350037042	35.393367915
60.120181413	12.319887180	35.424635069
60.185096536	12.318586570	35.421097557
59.998066287	12.312958715	35.444014831
62.338194185	8.060316806	40.564580572
60.636347717	10.416915775	37.628326818
64.340774473	12.523427740	35.919576554
62.345106940	10.900178263	37.253884474
68.286418873	13.858057481	35.743362317
68.184662085	13.611989834	35.978666057
68.073122743	13.233513828	36.352765792
68.256037261	13.805282948	35.791739908
68.075106911	13.329615164	36.251349602
68.138617339	13.458636413	36.129825943
68.270457260	13.971511425	35.620171261
68.262509828	14.162396084	35.417369602
68.153659216	13.518698331	36.069877200
66.950297446	13.674880659	35.553713219
66.989109680	14.036954984	35.171698879
66.714772340	13.666111693	35.483261157
66.793848171	14.003262876	35.140925055
66.899774025	13.647284851	35.566972528
66.828797766	13.758759966	35.420864417
66.732011933	13.797726468	35.344687169
66.816721586	13.959524780	35.196819343
66.855462194	13.709968784	35.483398327
66.730331422	13.903246874	35.228277254
66.723951219	13.566910098	35.595438459
66.947702989	13.912960983	35.292837908
66.976542985	14.148610319	35.045702008
66.995817451	14.179279234	35.018937807
66.334809325	13.389445336	35.655476281
66.489295124	13.236153599	35.879431922
66.346666054	13.439969901	35.603636770
66.646384187	13.533807386	35.605150033
66.623933762	13.287985391	35.868329702
66.633598316	13.379723097	35.770497935
66.166028993	13.835414180	35.098723923
66.311924781	14.127090274	34.829569520
66.315993764	14.130912789	34.826861165
66.050017974	13.606339935	35.310873707
66.196550826	13.788853977	35.161790669
66.299875772	13.425183879	35.603359217
66.027585759	13.303837034	35.640444825
66.090047139	13.462524881	35.486002918
66.100585570	13.555808458	35.385841782
66.021579113	13.453160341	35.471415743
66.315993619	14.130912503	34.826861427
66.325114910	14.092309412	34.872986580
66.313862980	13.286331626	35.762530120
66.246430852	13.956156369	34.994532182
65.896974840	13.275209355	35.624924883
65.966193319	13.422277491	35.485617818
65.696092433	13.284587836	35.540593075
65.744899352	13.226454559	35.623951333
65.924853197	13.415175440	35.478370137
65.518584470	13.624152695	35.091719254
65.534254313	14.020695448	34.651106065
65.538803060	14.154550153	34.502355388
65.510906294	14.216522291	34.421806905
65.566355429	13.401488834	35.360741120
65.540255019	13.381673396	35.373349937
65.528912930	13.409242221	35.338008829
65.376324027	13.361052626	35.335436816
65.546346421	13.718654024	34.995751325
65.596744339	13.983880363	34.716631387
65.524190972	13.532156211	35.197578306
65.628917399	14.020489019	34.687918114
65.583069868	13.811498055	34.905225935
65.079198946	13.314276644	35.277719187
65.078786757	13.314847512	35.276916322
64.858376186	13.350119512	35.154964652
64.879711940	13.491866103	35.001089817
64.891033275	13.673101203	34.798669074
64.880060019	13.843486918	34.600407246
64.886971857	13.964013887	34.465822060
64.822155639	13.393907656	35.091557799
64.682845713	13.652291399	34.744582801
64.727266060	13.486727998	34.950377888
64.855797880	13.428810091	35.064160579
64.886991591	13.554849928	34.931965208
64.794969526	13.383357894	35.093568588
64.445903439	13.697895321	34.605031955
64.361795465	13.620987864	34.662790387
64.385363307	13.631369845	34.659383941
64.420062075	13.635191184	34.667580908
64.477302028	13.894906247	34.390711910
64.480955403	13.657326899	34.664378809
64.554686819	13.708089653	34.633279090
64.648671570	13.693669106	34.684568624
64.489119544	13.411574602	34.949358501
64.483863028	13.350208293	35.017927239
64.471333194	13.536475591	34.799528568
64.468660941	13.586349851	34.741318615
64.492169714	13.990698887	34.286528181
64.481774831	13.267405493	35.112293893
64.521223816	13.684613827	34.647856483
64.091596782	14.043434914	34.080083047
64.237463011	13.774025996	34.442118353
64.172190706	13.840103547	34.342759654
64.145645059	13.897532938	34.267211641
68.517812981	14.937626363	34.669159949
68.393877709	14.836609014	34.743331179
68.434338612	14.766620098	34.826721928
68.591266577	15.067869752	34.551796158
68.500908613	14.884615756	34.720191809
68.459769127	15.048185620	34.539338699
68.536167046	14.992741481	34.616336991
68.211847821	14.357039659	35.199665100
68.213913913	14.488787083	35.061503673
68.316849739	14.717054780	34.848611729
68.236479223	14.559280635	34.993268312
68.253673164	14.663002782	34.888780204
68.257676496	14.272475934	35.300358541
67.376718610	14.595239020	34.697607194
67.400806428	14.664077567	34.631547423
67.349745300	14.552321492	34.734853981
67.348042065	14.777209298	34.492092104
67.292176726	14.921806638	34.317238541
67.298051221	14.791638638	34.459494483
67.283809858	14.555436595	34.709385217
67.229165959	14.603837865	34.638541645
67.199702684	14.633818980	34.596012855
67.179699352	14.531271226	34.700057342
67.181772327	14.465119645	34.772371593
67.284394038	14.564887007	34.699382772
67.287495437	14.433951557	34.841776240
67.290768195	14.602092571	34.661390306
67.277827503	14.486176032	34.782143219
67.240711020	14.826303435	34.402316673
67.294358618	14.709880000	34.546358343
67.320229837	15.027872802	34.212828762
67.088593728	14.987463547	34.174299213
67.234681612	15.040963463	34.168721447
67.032844674	15.199619327	33.924403056
67.275041425	14.357804029	34.919881378
67.265386990	14.316451041	34.961367405
67.078228327	14.293304895	34.923254271
67.136390526	14.937276391	34.245725197
67.196788808	14.464752706	34.777889155
67.240330364	14.713133073	34.524327856
67.305059080	15.175244498	34.049043992
67.224116189	14.890182723	34.327602378
67.175323334	14.891889493	34.308594890
67.040004067	15.070280200	34.067017101
67.211915591	15.159349303	34.033037380
67.277390227	15.145903513	34.070823367
67.120290796	14.314156021	34.915005004
67.045967211	14.269117386	34.938454494
67.138606792	14.376707248	34.853413325
67.243051349	14.622050829	34.623616256
67.270520869	14.728846758	34.517749884
67.266780471	14.424391639	34.845174029
67.283124364	14.597252464	34.664025216
67.309517830	14.432506365	34.850674095
67.274620622	14.377775266	34.898161648
66.404949560	14.535481359	34.413645015
66.387474685	14.638422797	34.293533643
66.368378298	14.314149663	34.643961528
66.396372151	14.663040061	34.269831969
66.504308047	14.965690125	33.978849034
66.344342506	14.319294598	34.629213607
66.404447302	14.459587969	34.497109916
66.380493360	14.565737345	34.370965528
66.469307948	14.854373402	34.087480690
66.479215806	15.039616109	33.888017694
66.449080124	15.149664933	33.755518876
66.422869260	14.771749283	34.160375352
66.163143050	14.587678494	34.262834330
66.281871679	14.534785884	34.367300152
66.205842785	14.558885016	34.311293731
66.257522724	14.539476379	34.352737740
66.310277336	14.418134175	34.507078231
66.320008558	14.242928313	34.704449782
65.674866576	14.272186903	34.423452845
65.682018425	14.535203212	34.131854064
65.692006688	14.329956975	34.365462866
65.490626273	14.314782657	34.303407108
65.454528817	14.425792472	34.164411739
69.050532368	15.869325398	33.833997872
69.265124984	16.060598675	33.685332336
69.169520629	16.090201337	33.635234579
69.227721070	16.107705714	33.629869267
69.298919424	16.039283960	33.713729842
68.862845028	15.549787625	34.118620346
68.978491318	15.641925515	34.050375962
68.894353328	15.606811754	34.067330820
68.723297537	15.492212369	34.144710397
68.754787236	15.463127520	34.182349101
68.707537983	15.448221632	34.186286145
68.792028496	15.505935881	34.147120228
68.950266743	15.655880380	34.029762762
68.511255438	15.879108880	33.689165913
68.619636956	15.603060319	34.004096807
68.615691742	15.758402506	33.842354150
68.497835954	15.879469711	33.685067871
68.475707151	16.074378214	33.476747190
68.645720351	15.287663213	34.337206356
68.556784539	16.107675972	33.465191012
68.452588140	16.019813411	33.526714627
68.646420024	15.502135059	34.115367482
68.538587964	15.724314754	33.857110193
68.101524750	15.889787191	33.556864327
68.021171492	16.010701429	33.404385074
68.138712146	15.886472638	33.571948637
68.120494838	15.862898103	33.590982302
68.187052812	16.029530220	33.437288120
67.830813872	15.995071997	33.357788927
67.920186581	15.874597468	33.514603997
67.766582705	15.944271232	33.389600117
67.970386194	15.917650178	33.485684630
67.710418405	15.854618085	33.465238456
67.687791409	15.811717386	33.502930219
67.728505478	15.906191915	33.416835500
67.996082963	16.015011253	33.391707030
67.861170342	15.927432354	33.439357810
67.786081837	15.926722865	33.414796537
67.540860613	15.580932068	33.697432955
67.351264539	15.504980533	33.711582641
67.424153788	15.561054311	33.677589963
67.551168898	15.670572869	33.605518747
67.453067136	15.477527247	33.777107886
67.347024641	15.593915236	33.614785759
67.568979477	15.724632015	33.554200410
67.603374413	15.727948960	33.562673849
67.636398302	15.732637953	33.569139449
67.459817413	15.577158860	33.673022469
67.372930711	15.542500564	33.679161524
67.479923636	15.456293699	33.809205493
67.429831906	15.508549052	33.735747600
67.257586868	15.395642799	33.795180493
67.243848847	15.331190059	33.859515686
67.164195151	15.494534275	33.654668477
67.270177039	15.422441442	33.770937561
67.004025423	15.346228074	33.755086300
67.101548557	15.383459425	33.751191216
67.168258716	15.887199089	33.234136143
67.140946202	15.396595171	33.751578488
67.048867579	15.273775946	33.850131552
67.045138187	15.382734484	33.730999622
67.136610963	15.450888106	33.691471612
67.102921209	15.468658290	33.659812626
67.155530348	15.972884800	33.137348788
67.231587116	15.401966667	33.778958817
67.246690023	15.506067339	33.672571710
66.945762951	15.309418721	33.773046175
66.823445993	15.503089081	33.516357023
66.672731250	15.411560058	33.557145747
66.777398018	15.633476155	33.356949172
66.740990395	15.464689280	33.526009728
66.841510816	15.330655507	33.710451697
66.802730959	15.429576819	33.588132299
66.751279135	15.817372983	33.147206210
66.765378521	15.476493446	33.522683645
66.909110437	15.317109547	33.750868754
66.984226614	15.316695910	33.779619587
66.507161131	15.276806144	33.639148071
66.468784977	15.231985946	33.673064335
66.586616170	15.350958609	33.589420318
69.395728355	17.128472451	32.637311021
69.360335733	17.066098870	32.691952415
69.363348313	17.118976088	32.639558804
68.724594703	16.552563175	33.053540830
68.675260017	17.113453148	32.464562605
68.785826934	16.538971006	33.084185304
68.680564190	16.879746260	32.705508070
68.677590718	16.765938691	32.821368538
68.508731110	16.700668871	32.838889940
68.653283291	16.587238399	32.997956579
68.524860631	17.151788954	32.379480197
68.392500043	17.142440836	32.347064218
68.558400593	16.219730049	33.349831342
68.628398584	16.595945023	32.981903680
68.454498091	16.608045128	32.918134420
68.348095007	16.889479907	32.593983800
68.357974073	17.010371589	32.472204269
68.572693382	16.644221561	32.916062897
68.215434434	16.237193154	33.229356381
68.326088477	16.702653923	32.780386305
68.316293952	16.637085445	32.845259139
68.286200640	16.569126749	32.906255358
68.292926163	16.477536342	33.003510920
68.231956880	16.244557912	33.226854601
68.331593681	16.546427286	32.944101497
69.402789934	17.299259849	32.467804119
69.188920725	18.057403404	31.654946537
69.309468921	17.536780879	32.207832538
69.252637894	18.178476446	31.551054497
69.229536647	17.994715960	31.728657980
69.236516978	17.920397439	31.804926364
69.228308411	17.974807428	31.748265197
69.255671055	17.690867417	32.039917474
69.157853564	18.119797945	31.583899787
69.256082543	17.538212477	32.193182360
69.146485048	18.155508042	31.544951915
69.236213109	17.769752718	31.955815308
68.717151921	18.104235682	31.468011239
68.729051093	17.289310263	32.300781960
68.679270791	17.479267784	32.091910156
68.824062476	18.189305617	31.415639034
68.681599925	17.944925824	31.618396094
68.695188675	18.088560960	31.476877293
68.798256995	18.179611876	31.417367240
68.681464618	17.613869189	31.955310907
68.696701970	17.427596638	32.149952361
68.370865828	17.234734159	32.244879155
68.665637412	17.836941142	31.723147195
68.464551206	17.476246938	32.027098889
68.596663541	17.620153264	31.922284289
68.454428818	17.542425756	31.955884456
68.394592099	17.248870090	32.238067787
68.443621762	17.436173352	32.061412613
68.432774613	18.072178450	31.406280496
68.507252379	17.814927301	31.694265572
68.656865540	17.709701978	31.849958422
68.539381777	17.575621683	31.949494223
68.419813485	17.297241644	32.196480178
68.440096031	18.084784352	31.395922080
68.489905551	17.512869334	31.997780401
69.676047906	18.904089584	30.941061576
69.654686201	18.956250868	30.884615943
69.656740260	18.953606689	30.887719442
69.541940138	18.962396175	30.849987651
69.564113127	19.145343340	30.675830072
69.662361786	18.940358138	30.902110677
69.643602294	18.958277765	30.879877001
69.562120128	19.113465687	30.706633003
69.539827358	18.976190083	30.835856450
69.089438502	18.259283924	31.424750408
69.076528496	18.383456637	31.296530186
69.017313725	18.630382578	31.031504229
69.008210034	18.840841009	30.818139824
69.144354604	19.048401767	30.652981291
69.122908092	18.727942833	30.965726930
69.227658855	18.371859250	31.351127287
69.156302840	18.545499832	31.157605068
69.018899528	18.897058090	30.765290859
69.072365592	18.431221811	31.247453196
68.834327100	18.252569856	31.354944035
69.503865665	19.248665547	30.558212546
69.337592203	19.958043538	29.813672989
69.396989085	20.137882086	29.655762786
69.494908439	19.247905208	30.556526443
69.340744312	19.387992286	30.375115782
69.361632608	20.107939662	29.674236708
69.375912121	19.369647197	30.403381659
69.325039518	20.018577254	29.750480353
69.143584979	19.801300132	29.907025524
69.042997586	19.442558154	30.229714983
69.228062046	19.822672613	29.912755808
69.021336979	19.299451499	30.364962089
69.211495415	19.529490854	30.196717452
69.256243807	19.416432190	30.322019144
69.227518928	19.435568686	30.294423280
69.097461835	19.660929167	30.030864528
69.229571001	19.488152310	30.243092414
69.263620019	19.927316249	29.820969211
69.822716182	20.827773779	29.111243961
69.817744091	20.865159272	29.073973871
69.797759843	21.096772438	28.846243695
69.813660125	20.905868782	29.033765464
69.614841972	20.338741927	29.524590615
69.583401246	20.397517975	29.458485647
69.517011806	20.633349255	29.210061143
69.341754349	20.350258226	29.431258529
69.519721810	20.358678317	29.477467318
69.607598176	20.540159927	29.327314121
69.574959108	20.584584858	29.274690742
69.414272627	20.255841477	29.545859835
69.521273600	20.774041728	29.075119013
69.517233370	20.216079843	29.615446144
69.288602146	20.443263958	29.323555879
69.270585487	20.527337745	29.235665936
69.198494239	20.717903419	29.025925478
69.118886447	20.740482726	28.976816552
69.899411278	21.598430084	28.396645542
69.863267625	21.798543693	28.196113158
69.996537514	22.037327927	28.008794711
69.848499570	22.029316063	27.972987597
70.005084156	23.096633886	27.018172058
70.151662700	22.429755127	27.683700479
70.195243067	22.332471768	27.786747621
70.232316514	22.335319527	27.794078391
70.258717799	22.350457462	27.786960268
70.163256470	22.297005211	27.811246170
70.083869366	22.470773339	27.626177670
70.056330056	22.362576908	27.719778974
70.016763950	23.034650823	27.079471699
69.946470245	23.144178789	26.955784531
69.063935778	23.151544356	26.637746816
69.017522569	23.051284169	26.714471171
68.943282261	23.093833439	26.644676676
68.866898677	23.159672923	26.551416478
68.995437014	23.050642396	26.706370906
68.842142170	23.187366875	26.515049597
70.689251586	23.598537585	26.744345016
70.684838257	23.592964684	26.748343123
70.670125416	23.663444831	26.680356709
70.683352883	23.686508683	26.662615763
70.517438116	23.776712309	26.537397131
70.561262122	23.687780508	26.630296391
70.615167288	23.640887860	26.687080257
70.508280523	24.035856500	26.298347898
70.188180453	24.039275961	26.202820633
70.153317220	23.714037523	26.491226515
69.958940892	23.226722210	26.882807477
69.894343317	23.242753906	26.847504147
69.588066658	23.530412050	26.476628398
69.340223446	23.999656396	25.948891836
69.460052342	23.489841921	26.468831942
69.170338811	23.446074904	26.401392239
69.180783549	23.339669690	26.505516193
69.133560021	23.274305808	26.548897765
69.206209715	23.608100989	26.263152157
69.302300873	23.873480164	26.051940527
68.739633006	23.303029256	26.362955855
68.669915045	23.322584890	26.315039295
70.469541436	24.962682721	25.447113163
70.355386611	25.094363140	25.294317044
70.433347053	24.501524975	25.853748618
70.481882306	25.076573799	25.348129834
70.445266044	24.333806279	26.009518921
70.207952932	24.926741253	25.400069492
70.314645960	25.053740515	25.318490632
70.080093131	25.197906821	25.113320893
70.053443096	24.995998632	25.287350426
70.291235840	25.073175563	25.293710319
69.845404685	25.076104488	25.143830418
69.936414085	24.974611062	25.267487136
69.423364324	24.840035884	25.204650192
69.370258885	24.298657322	25.682975444
71.008116101	25.968751025	24.698088564
70.872836080	25.750305247	24.855737678
70.740355025	25.663315961	24.896906446
70.670776605	25.413985503	25.099720287
70.817930206	25.770536475	24.823003613
70.344812181	26.016621568	24.464632048
70.455039401	25.225481756	25.206289295
70.475113458	25.223056722	25.214419849
70.160719945	25.285860663	25.060331203
69.716291579	25.239005136	24.949866905
69.772517207	26.181550097	24.121235198
69.751541479	25.219920013	24.979922746
69.443627006	25.227831477	24.858058502
69.428472331	25.786539761	24.345549432
69.619230370	25.299077264	24.859691380
69.608048030	25.967983873	24.251285894
69.531133574	25.439730455	24.698946326
70.438191238	26.847802763	23.759129436
70.408359675	26.682607495	23.894975355
70.317687556	26.398034164	24.117197212
69.801599639	26.239457109	24.080155340
69.857501278	26.374451575	23.980118550
69.951598395	26.556629874	23.851985617
69.922116186	27.015819755	23.435438093
69.937857685	26.455472003	23.936911824
70.428824954	28.065222753	22.695690855
70.436669987	27.710218585	23.005509537
70.199100519	28.195520475	22.505329435
70.016029085	27.397991245	23.133690760
70.069571434	27.993222433	22.634581276
70.180063766	28.331216072	22.381714663
70.139063194	28.936866994	21.848182554
70.116520657	29.193329225	21.621845391
70.014122640	29.187709883	21.589607866
70.092452501	28.667963931	22.061423882
70.169284691	28.268168645	22.432255489
70.170531427	28.757074281	22.012892506
70.047009224	29.069343451	21.702241847
70.114662544	29.199243851	21.616156385
70.106311634	28.604521647	22.120762447
70.077059756	28.804344018	21.939174252
70.127296433	29.055864026	21.742591864
70.103740214	29.350796034	21.483677673
70.072188672	30.011787196	20.915305539
70.107681967	30.193517088	20.776042011
70.063320180	29.828738764	21.065733267
69.967324629	29.241563908	21.526710280
69.711147551	29.638879333	21.093941248
69.742213246	29.835498628	20.940344373
69.782030818	29.336035600	21.377168532
69.727673081	30.051055165	20.753954710
69.695360476	29.229916863	21.433986789
69.861259941	29.350261788	21.395061180
69.718300451	29.866001307	20.905539046
70.336370592	31.031187716	20.161502640
70.377543842	31.095752071	20.122473691
70.360867014	31.042989898	20.160214610
70.250689562	30.565470681	20.517002522
70.333683807	31.034396723	20.157929750
70.261997606	30.842126145	20.291726912
70.208343280	30.468643825	20.582570786
70.190178566	30.329685203	20.691854320
70.138196511	30.346098508	20.659662564
